11723
00781
13177
08342
05589
00121
13467
01216
01143
12071
06212
03226
06222
11586
07611
10847
03760
07584
04236
01055
01362
07310
07489
12368
05276
01380
07607
06218
12851
04749
07445
05284
12065
03641
01822
08951
04507
10840
07649
02407
08214
11013
09048
02532
04198
05402
09552
00850
05497
07460
03079
09140
10764
04667
04922
07089
08442
02968
01693
06229
00299
13387
04609
03009
01364
07939
02342
03781
08767
09244
13268
10165
00880
10790
12847
10174
11402
04379
06674
03633
03716
03411
07317
00004
00612
12016
03597
05528
07965
05566
04052
13559
12556
00984
10521
07844
09679
06933
06001
03515
09278
02115
05720
12958
03847
02722
05547
08818
06614
08986
05841
10592
05556
00106
07646
07008
12129
06897
09121
07509
02427
11399
02239
02028
11984
01720
01079
09057
03426
01668
08952
02607
09187
10966
00170
07494
03159
02344
12829
09035
03441
12961
06300
00529
03615
13218
09178
12141
11736
13272
12565
10908
05784
00969
07350
09983
02614
07773
03751
04721
01739
02184
08200
02933
09713
00587
06502
03563
00098
03895
07060
07174
05189
03821
05905
00816
02843
01669
11884
03537
06731
06057
00756
04565
10138
09411
03591
11296
07449
02170
11842
04252
05891
07230
13608
05311
11813
08539
09949
13062
01312
06709
06257
04615
08252
04389
00852
00557
03721
07221
05082
00956
13176
05594
00286
11222
00326
04497
08382
07109
08712
05309
08536
03853
09877
09779
00386
10711
09797
02036
08459
07559
00580
02243
03575
06448
00432
07456
00851
08899
13337
09678
08791
09470
07486
01608
11416
11397
08146
11292
01298
00861
08690
00399
05198
11233
02287
05424
10459
06110
09357
06842
05410
10886
11090
04506
10323
00618
11103
09755
08481
09358
11406
11574
02128
11615
13201
06565
10686
03396
02395
10885
02254
09120
06540
11847
03194
02295
09397
11106
04860
00065
08797
09939
11137
00242
00035
11147
12925
01097
00061
07356
04009
02131
11248
09506
07527
08741
03849
03579
09573
09805
09303
10433
12062
01766
01201
11028
00136
10346
04057
07923
09009
02884
08740
01788
09863
04186
05736
05964
07790
12499
05103
05275
09822
06003
07987
08842
02483
01881
06646
12642
11817
01698
06790
08209
12454
06267
09012
00657
13074
10287
05696
05991
12416
10845
01379
06795
12380
07002
05040
00698
00100
12978
03519
12362
13310
07466
12174
05902
10880
07141
02420
00147
03295
09604
09172
08294
11772
04625
08305
02599
12147
04620
00249
08139
05250
04753
09845
13312
04183
02099
00778
08601
00871
12139
05214
08542
10929
03358
10939
09387
12339
12241
09728
12442
07287
10877
00581
00141
00300
09285
11889
02155
08866
11631
00711
13233
09637
10342
02000
06852
10727
06092
12566
09546
05738
02487
07862
12827
06004
06712
08626
04440
10565
08100
02249
02056
06239
13519
01226
08993
12073
02976
06786
02200
02480
05629
07107
04552
03598
08142
09783
11654
00720
10580
00137
12162
11865
05121
09311
04496
05411
05924
00001
09852
07747
06708
05145
05546
13205
04657
10415
08390
10761
00747
05348
02156
13226
07469
11484
10864
04694
12913
06444
00817
02551
08770
13147
08553
06052
03927
06572
03287
13579
12620
01963
06569
05607
02640
11781
01803
06990
06678
11306
11917
12725
06656
01324
10483
09088
05634
01859
11132
12178
10007
06664
04051
10211
03813
13440
07474
02360
00973
11515
02175
00585
03725
12778
06481
01557
09496
10980
12270
09748
09275
05578
06818
04828
01976
02241
09070
04540
06544
09051
06418
06568
10059
04218
02758
00769
11721
06863
00573
06631
06476
06808
11890
12738
01199
06849
11495
05758
12248
04246
08156
06879
03072
13023
02877
01901
02299
11734
09601
05953
04115
00184
05816
06566
06823
01007
00166
04892
10056
03977
10839
09429
07566
13051
06532
01613
03908
04446
08415
09045
12793
10260
05404
04058
12849
08667
06822
05597
00859
07935
06501
00330
01823
00397
12182
00811
02789
00367
04962
08872
03102
06679
00174
11605
04950
00454
07804
08775
02321
05683
02465
10364
04744
04425
03680
09097
04395
06608
12624
13204
09661
00314
11295
09835
10267
04495
07736
11339
05140
02740
09851
02724
05940
01373
01524
08099
10196
06129
07044
12801
01894
10808
07190
00352
01815
04710
10085
08475
07756
12245
08117
00317
12191
12019
07349
01427
02497
09844
06770
11057
02631
05261
05494
11427
03012
09753
05860
13138
05790
08978
01041
02787
12769
01064
10097
03728
04856
10615
03508
02294
11305
10672
00550
04798
07924
08045
06364
01911
06026
00045
03481
05486
02916
07426
13165
07017
03622
09026
07543
08508
01116
10863
04239
10519
02875
07908
06994
06402
02827
07840
05664
03786
11229
00753
04518
04881
12808
12578
00565
10604
10252
10421
04230
02231
02025
06498
07263
12255
06947
11778
08067
11407
05896
09023
10509
08376
13041
03509
04989
03748
05687
12763
12717
08314
05135
11536
01132
05818
01316
04260
07123
12647
12221
13066
03692
00103
01361
06695
09654
07412
09326
13117
11235
00656
03049
09647
09976
10416
02219
08782
04185
02592
05726
02315
11079
04893
00798
08013
03762
03920
06334
02674
04155
06491
08999
01048
00977
12263
04153
07745
03271
13164
11104
08039
04208
00631
08676
12585
08210
10923
10820
11681
10825
11069
00712
09739
02923
13380
02678
02835
02681
01418
06082
06866
04317
11919
06209
06856
03791
03617
11043
11165
05760
01239
09109
02372
12170
08340
12026
05291
10326
06135
08443
00257
01904
03004
04730
08465
06868
04124
06163
02394
13450
04478
11200
09442
02015
02336
11961
11209
04988
00664
04456
06729
10339
07202
04088
03189
00006
03758
00113
10153
06593
04069
08666
00434
00275
09711
04787
02879
04312
00451
08113
09960
11619
05262
07358
03153
04629
04137
10301
08069
07947
08680
03394
10108
09514
09168
10395
06892
03042
11784
09801
02677
06471
02545
05380
10159
04225
13186
05559
04790
09327
06814
04192
10488
07431
03235
08911
12253
05937
03468
10028
05762
01230
04874
03495
06100
03393
08628
04556
09183
09243
00278
02741
12260
11670
01537
08535
01046
09463
05084
11934
04350
07519
01004
07848
05393
06542
13613
13612
04583
01407
10102
00637
01944
04142
00391
01052
12528
12864
00507
11971
04683
05733
09269
10502
02101
03573
04595
11855
05510
02448
07681
08921
13095
07701
02647
08395
05484
04454
10109
06845
11653
10006
12268
06991
02238
07210
07424
03326
02872
13418
12453
09804
11782
04985
05044
11154
03280
01108
04588
02343
05892
08958
02750
13045
13020
10992
06351
08600
07150
06624
08352
11504
04141
02850
04543
12354
06811
07888
13491
10238
04344
04602
03170
06915
03278
09915
07306
01632
05971
11440
03866
12142
00544
01998
04293
01276
09608
01638
09928
08317
08473
04622
05409
10557
02288
03953
02809
11946
13019
08503
06148
03540
09342
12477
03036
09392
12850
08707
13175
07669
02233
03770
02860
12954
11616
13223
04660
07246
04177
12435
10782
04368
12861
07001
04105
07476
06271
06091
10667
12782
06500
00082
05543
05652
01945
04017
03846
09516
06903
01851
13048
05969
03158
08211
09197
07346
01351
13078
11128
11659
08074
07499
08692
04498
01506
08118
05571
05672
12685
06817
06767
10911
05942
13207
10771
03296
00318
02878
12345
06489
12259
11523
04685
04713
13072
03819
06056
11728
00823
01426
09585
04846
01182
04887
07873
06440
06446
06108
00112
05517
03588
01278
11449
01805
05820
05398
05328
01472
02771
08008
03609
09524
12120
00518
02454
00477
07502
13593
11947
08101
03162
13611
07286
06995
04232
02043
10726
03616
12784
10313
01969
05461
13339
06743
09657
02672
02795
02118
06245
07683
01626
03040
05027
02792
08289
06596
09935
11517
11665
02823
00335
09702
04981
00925
00648
02855
05859
11404
11272
08505
04158
04789
07904
11096
00994
02543
04842
08614
09268
12852
04718
07118
01675
05801
00024
11925
12966
10053
06911
10088
10003
06533
08609
08480
13441
13509
02042
08057
03151
05728
11591
05785
09329
01913
09360
05591
07997
01545
04684
13620
08822
09142
00597
08808
08502
11640
02969
10107
04210
03470
11115
13393
13113
09926
05340
03639
09060
05504
07053
01989
08798
08621
06753
02017
05161
13143
00820
05265
11262
03041
13505
13568
03436
03873
13298
01865
11560
00533
12675
07397
03843
03737
07366
05842
09621
06647
02083
05686
05133
04890
07628
09027
08650
09605
12882
02357
03401
08435
07724
04994
01585
03462
04910
10127
09737
00424
02069
01790
06850
12444
10844
00645
12482
11746
05871
04099
01431
02764
10496
08851
02657
05897
05868
07984
12737
00259
11110
02196
12794
06889
05904
01905
10475
04126
10559
10506
12750
10531
07609
07659
09878
07903
11129
09567
02619
08919
04608
10530
07725
11279
13199
13523
07187
05590
12271
10248
10713
02463
09625
09207
06415
07129
03260
11803
08975
11364
10264
13161
11912
12194
03631
07740
09444
10614
08321
07864
05347
10804
09683
00641
02779
07370
01664
13524
05035
00273
12960
01620
10554
08789
13000
08233
04431
07909
01401
03988
03013
00918
10744
12730
11965
11777
02481
00623
12184
02320
01761
12286
03272
03486
04626
04643
06735
02401
09145
05947
03330
01674
08326
08623
12601
00952
09736
10872
09248
00209
10235
11022
04238
04423
08195
02689
10256
10392
08858
07912
02534
01080
06574
02409
03255
00953
06228
00240
09914
10860
10164
03432
11711
04739
05968
06806
03025
07665
00933
13131
09943
03179
11726
06131
13228
11362
01787
06490
13301
08192
05689
03502
06404
11354
04133
11359
10279
05312
04547
02283
02029
13501
00561
06520
08612
01724
11696
01774
00285
04987
03221
03955
10747
13148
00767
06019
09443
03402
02258
10799
13369
12030
06468
00307
01589
09154
06732
02971
09950
04859
09241
01264
04577
13246
03841
02816
13092
08219
12550
13252
00212
06164
10374
02639
10683
10738
04209
07367
10184
06294
02121
03323
11902
00056
00721
08385
03803
13251
06617
07022
04582
13221
00151
04294
06762
10152
02844
12915
01975
04229
05192
02430
05233
06981
08266
12252
08908
02608
12128
09716
11341
07495
05423
06748
04366
11864
07259
13629
01212
06265
08629
13448
01221
07465
09011
11785
13289
03364
06398
13383
06899
00700
00020
01260
09814
03582
10498
01966
05296
08237
07096
09350
06771
03412
00516
07774
04104
00915
07428
05332
07108
01315
05105
06189
00486
09356
12534
13354
10206
00462
10952
07116
12589
02070
05612
06385
00334
10546
06764
01519
09457
07154
06749
02022
01714
03351
10491
12874
13569
02943
10382
00919
01438
01114
05923
07378
00258
11031
02484
01328
01997
00988
10514
04522
03288
06041
00998
12714
01733
00608
07452
08552
00773
11754
13173
10017
11481
07455
07392
01835
12544
08046
05748
08913
11921
12024
09584
05360
08336
11957
00469
05957
02422
10967
06327
10255
02857
10900
00012
04810
00650
09658
06435
06563
05898
11981
07408
00315
01031
12605
07697
07531
12077
01042
00356
01719
10982
10370
00400
04589
01101
03779
09458
09791
05426
08450
04617
07776
04014
04598
08249
04048
09886
00322
01863
02503
00274
05835
00614
07943
02226
02756
12204
10233
07327
00237
02165
01953
00586
09017
08191
13077
09354
01861
00901
09712
03133
01469
08937
10991
12399
01536
00960
12510
10983
06151
10884
09714
02745
00165
12996
11695
02591
06524
00731
10947
13093
07655
00702
07535
08054
09941
00803
03780
10387
08714
11923
03374
12171
09602
04541
13046
07013
02676
07966
12865
02698
06169
12151
11451
03233
02573
09272
12952
13100
02610
09701
06241
11612
09557
05948
11370
09208
03369
11254
10365
05457
06739
06779
02361
13516
10752
12762
07689
04436
04991
01552
04466
00875
08392
03335
12493
10271
04736
00458
09465
09034
03805
09101
09802
01325
13610
03701
06303
09282
03196
06321
09527
07867
05874
06592
02931
00351
04195
02148
05772
01523
12522
04462
06707
07911
00132
04534
00750
09703
02446
13406
11627
06694
13628
07177
03085
11016
03431
05976
09414
10797
05740
06332
03667
09781
03032
04166
07394
12726
03310
09767
10094
03743
02935
12957
11519
04453
04512
04072
02144
08223
05826
03713
03218
01633
07337
05333
10176
10316
03649
13311
05895
13115
01925
06134
02892
13621
13486
05097
11439
06451
05479
08961
07244
01710
12537
13102
06337
08549
06408
05503
08950
11441
11637
13411
10791
10315
10806
12135
08205
13299
06989
02596
08887
04596
04084
01354
06276
04630
10270
07329
09021
12335
11197
05777
11522
07996
11554
00241
02950
11395
04878
12028
02091
02284
05278
01095
03740
08786
03897
03223
00187
03700
12813
05542
09480
07265
05158
02319
02604
03683
08281
10145
11660
03983
07121
11647
06630
13001
05768
07668
00348
13219
06959
01287
06637
05800
04355
05997
00741
03214
07164
12504
13029
09323
02077
00995
05688
00162
04484
11088
12388
09626
00140
00215
11578
06211
12294
13386
04049
07254
02849
05107
13624
00483
04955
13445
02629
02932
06840
06604
10306
04848
10712
08882
13562
01279
00542
05609
11556
06829
05656
00945
10332
02934
11083
01023
02820
08569
02122
07345
01071
09782
05168
11758
08092
12072
03741
02251
04648
11832
08838
11705
01497
07073
04156
09076
04381
00743
07279
03050
03422
08283
00665
05020
11250
02775
01941
06831
09133
12473
08731
04772
05351
06944
02788
08377
08408
05221
07027
07746
10577
00028
04338
04870
00926
08218
13549
06552
11863
09371
11435
01219
11624
01995
04332
07136
00480
05861
08930
05882
03851
10353
10876
05335
09064
13346
09917
02154
01955
02076
03028
03652
02310
11940
05050
01398
03403
02441
09826
00489
13576
00178
04918
12761
09885
11164
01002
04021
05197
01631
03487
07757
06710
12464
06720
07718
09072
12749
03738
02957
11840
02052
01501
11282
12940
09090
11874
02450
09603
00384
08310
12426
04064
09231
09904
09419
01025
07343
11337
00357
00206
10019
04509
02031
08733
07159
00857
04731
09472
02296
02229
11789
03693
02491
00094
03254
10695
08206
07879
04503
08804
01203
02208
06781
09147
12379
03577
02973
02323
03511
04849
04876
00304
03497
03772
10956
11107
10658
06158
04265
09378
07459
11547
07775
01256
04861
03589
11419
10508
03892
02023
10739
09729
13395
12573
05931
03345
05112
06864
01757
11351
09156
00055
05500
03626
08719
05637
07511
09174
13635
11753
12461
04719
05480
08794
05406
13135
04714
06716
08145
02987
01845
06023
11219
10402
00025
10660
04523
10046
11213
08031
02903
07203
06839
04633
04476
02519
07898
01912
02793
08187
09962
12970
08414
13158
07320
11755
12149
09533
05429
08066
09228
00060
11644
00652
00555
01180
03661
13018
05232
07080
04725
11478
10586
12973
05101
07490
05046
09169
00255
11678
02095
13375
05960
07835
06289
13373
02574
08698
05602
07393
06168
00951
10082
07914
01377
04061
02570
09859
12301
07619
01326
03978
08052
07547
07322
13343
10963
01780
10838
10091
06191
01652
08027
01828
04383
06628
06494
08849
00019
05694
09836
00336
08876
01152
04268
01962
04545
09306
01486
08042
06407
04025
01348
06280
04722
03800
01722
06792
04528
01623
03317
02286
02656
07886
03209
00929
05906
11158
08056
04986
08032
08953
06486
02300
04709
12628
12261
05206
03640
10926
00218
13034
10743
12837
06333
02984
04071
03775
06127
11953
07354
08694
00172
08280
10696
02824
00414
02496
08592
03732
07782
04793
11520
05018
11892
04551
05865
07441
08372
11979
12486
08673
12283
12862
05545
12997
12160
01425
11486
10135
08479
04822
00313
08239
07750
03456
11525
07974
09024
08325
12869
02285
09865
12602
03666
05450
07801
05415
05279
00478
04945
00672
07870
09177
09086
00504
04034
09367
13099
10942
06428
11922
07637
10779
11386
02541
01855
07705
10132
03311
04306
10406
03653
03169
03635
05306
07644
05783
04847
03753
09092
09040
10133
08909
09377
02836
06068
13292
05867
06098
02815
02116
12575
12105
08288
08346
09028
11810
08588
04969
07437
10240
13498
06472
11906
07893
01849
05715
08739
08010
11269
11952
03707
05641
10486
02377
01642
04109
07297
10950
04926
07797
11326
01153
01258
05390
02870
00538
05509
13520
08878
13538
08076
08357
07795
07493
06940
08204
06423
01548
00748
06429
01729
02869
11448
08093
11237
05599
00182
12015
01771
03686
07632
01187
08432
09600
04631
06406
05605
06397
06973
03678
00256
11297
13160
09535
06112
00155
10689
06455
02067
09499
11690
13419
04011
12735
05803
09958
12824
04159
01685
05319
09558
09646
09067
09253
07817
04114
02012
05320
11373
07694
04968
01834
06819
03850
08765
00624
00428
13536
03744
06454
13059
11996
03198
05884
01465
05330
12741
04923
04863
03017
05734
11669
13302
12953
10477
11867
09052
00148
00008
07285
11968
03969
03397
03717
02113
01770
03473
03712
01366
06854
09819
05796
10002
08654
09520
00406
03590
03383
11593
01878
03243
10725
12910
05072
03115
08949
05314
08322
04775
05126
05059
07741
08243
12924
07514
04640
12911
06146
02302
11894
12785
03027
09237
04223
10039
12834
07520
11767
12791
11493
13370
04098
10322
12792
00626
06361
11543
00663
10973
12800
08793
11926
07692
03200
03644
00839
02218
03095
10008
07891
04281
04113
04081
04096
03705
00989
11245
01340
06007
03109
03881
03730
06930
13279
00944
11401
01043
06906
04574
09743
07168
07585
02163
06409
11198
03759
13347
12095
01063
08586
04834
10620
10400
12955
05081
09134
00780
07344
09412
12190
07308
11820
00013
03801
12449
13012
12328
08164
08371
13340
12687
00673
00490
00635
10451
11634
05565
06443
08375
05592
07062
07698
08429
05521
05981
13431
09220
13401
04169
03724
12181
03658
11459
04094
10069
09312
11808
05316
08589
10549
06993
13231
09200
13341
12594
02177
06682
08313
03224
10976
12920
02571
02662
09161
10573
08282
07710
06067
00403
10824
13088
13494
07088
06207
07847
05193
08424
05182
04735
13225
02806
07721
13159
13382
05339
08220
06821
01634
03067
02685
13124
13334
05365
03166
12164
08403
08576
07084
11321
07874
11098
00564
00340
01183
07418
10141
04032
05832
11224
12682
11555
08119
00855
08728
04394
02725
11075
08225
02220
04895
02590
08439
03126
03804
04699
05203
13146
12893
05173
02140
08177
11408
05169
04804
06950
13465
01285
11475
08244
04832
07767
10953
01225
06531
07339
03646
04175
02856
09290
13194
11570
04384
05055
12208
05900
02554
02730
03545
10389
09684
01867
01162
08491
08852
05062
10212
09116
11702
12421
10384
05358
02133
07095
08509
11411
10588
01415
00739
02026
06519
06161
03776
02192
03976
05218
00733
00809
03485
00287
12880
12133
07309
12618
10656
03972
00923
06039
09642
00868
09966
00943
03567
06640
07712
04303
09990
12033
01961
07204
13647
01437
02058
05115
04934
00796
00577
13211
06478
08454
10993
03363
05184
07720
11909
01300
05541
03828
09806
00833
09942
03389
09586
09778
13237
11823
07488
01022
02032
07676
09588
11458
00964
01591
06982
10555
09821
12683
08477
07813
13038
03684
00936
04637
10409
01820
12539
03808
10698
09882
02417
00862
05667
06673
01058
06820
08059
08699
01967
02982
06190
10682
09167
12299
00884
03399
12471
07983
04352
01916
03361
01602
02675
06898
12994
10729
10566
09038
00703
11372
07624
03180
04145
07587
02961
10540
03318
08984
07305
04607
04035
04570
08273
11453
13414
13313
01931
10722
01829
02221
08724
04176
12483
07730
13195
02588
06037
03834
08161
08014
01090
11368
12831
02659
13574
04700
10037
02594
10243
12302
13209
07803
00309
08932
07906
12314
08630
03673
04716
03483
07015
09254
01360
04284
10213
13372
08060
04915
00621
01036
07135
06860
09623
01217
11797
02157
06381
00433
07024
02079
10708
04880
07369
10470
06937
12108
11600
12755
07598
10591
06843
12003
08264
11712
03528
02627
09215
06022
09549
00562
08632
01295
05413
02967
06939
10704
10261
04314
09644
09696
06065
11699
08364
07846
00935
04365
08143
05014
07925
04187
10728
03539
10072
03002
02955
05323
04315
05623
02147
13280
07335
06512
04984
00376
09880
12327
09474
01346
04575
12564
07550
12347
04516
08388
00962
07713
08419
10341
00692
10221
01628
03754
09981
03731
12231
02355
06595
08319
04409
02193
12704
07451
11744
04733
01907
01444
00302
11284
02449
06835
03807
02881
09823
09631
11173
03723
04929
04875
05692
02494
09663
11365
10968
11795
07236
00858
05255
05179
02535
05307
02187
05650
07825
04385
08123
09876
09115
02009
06284
00329
12667
08040
12627
04800
11217
07014
05453
01107
09975
03650
01577
03907
07407
08874
04655
11468
05045
03380
11701
02376
07218
03816
05219
06699
11469
01266
11394
05978
08835
06274
04708
10449
03506
08138
10173
06292
02021
12630
06453
04812
12308
07868
11045
11280
05755
09165
01128
05911
11977
00129
04701
06652
05223
02102
03706
01072
00979
02081
11854
05920
08813
07314
05165
07417
01198
04546
06686
01540
09264
13265
03101
12312
03857
02199
01606
04980
00725
07048
08030
01636
12005
05524
09375
02942
06121
06561
11528
07829
11749
10101
04594
11529
03937
08387
07117
03058
03919
00402
05249
02047
01018
03242
13250
04668
04638
04829
00841
10616
07147
12381
05998
08179
00670
11680
04050
09399
09502
06192
08248
11816
00835
04491
08486
00234
13184
10861
12485
02352
00658
04006
03747
08261
05026
12487
00515
01062
12574
01558
10996
04455
08072
00617
08881
10534
13632
03191
04485
12275
02526
00746
09883
01289
08837
04271
01033
07348
05716
11988
12145
00080
00253
00718
10525
07916
02868
09855
04835
13398
11285
11290
13352
13405
06505
07082
04191
05725
03348
08490
02909
13626
05162
07734
09265
10469
06865
04492
02471
07902
10363
00050
00619
11731
05089
05825
10524
08738
08783
07040
03718
03257
12143
09665
10593
00190
02664
10853
05071
10499
04078
11620
13515
01188
13007
03160
05247
09741
08664
12210
03898
11424
00682
13123
03962
00715
09699
09374
11824
08096
08527
11474
07087
00785
04515
04220
02985
03093
03839
09627
00084
06046
08451
10158
06269
04421
12086
00189
02926
11138
03607
11638
07915
11655
04250
06681
09705
10478
11978
00465
11642
02867
06559
02864
10641
03477
06223
10897
08399
07064
12087
04706
08021
03859
02887
11380
06362
12023
02954
03938
13542
02766
04140
12115
02965
01637
03000
08529
07280
01299
05601
09571
12200
00716
10737
00183
03833
07179
09986
11076
00439
00145
06718
04645
02485
11041
09218
12199
04858
02990
12463
04767
06386
12207
09770
05747
02655
07601
07410
03074
09771
08820
09978
06081
12694
07376
12774
00027
03016
07596
01880
05786
02330
12277
05584
04027
07623
01942
08062
01091
13371
03860
06594
04075
01654
00904
01977
10340
02918
01791
09595
06324
05648
00726
00475
03761
03958
01135
08564
03548
01596
09077
11546
13057
06005
10692
08917
00228
10735
09675
01597
06513
09582
03390
06466
13056
13087
12101
09464
00777
01139
01824
05633
07328
12161
01439
00168
09175
13290
05039
13215
04963
05987
10766
01057
08500
11750
10852
09384
00272
05440
13413
12060
11501
11527
09955
05626
11455
08617
05345
01045
04438
08312
00076
04266
02178
02514
08407
02898
08989
06139
06436
01533
07743
12356
07785
11885
05064
01842
08987
02613
05381
09991
03087
02994
12951
09462
02173
00532
03600
06172
02889
05435
03282
10004
13079
06487
10458
12538
02547
02633
13458
09912
11667
07679
12319
10397
10357
07672
01991
00728
11003
05757
09005
08559
11055
02451
04354
04286
10044
13151
02737
08944
10777
06384
00102
09391
08019
06499
09548
06525
09800
07981
11017
10997
00761
09893
03625
12382
07262
09816
10169
12551
00834
00822
01402
11868
05616
05251
09079
11191
00591
07334
10793
01050
02983
05970
11942
06464
01643
00630
06175
07331
09421
06249
01617
01619
05560
08988
11231
06234
02667
08768
05357
07541
00262
11436
07270
12691
01059
03554
11788
09879
07895
13190
12896
07429
10736
10645
10802
01594
08447
06248
11403
09362
11739
08426
10399
12050
10850
12405
11991
09100
09471
09596
05691
04576
02274
10171
02686
09337
12235
07919
08431
02297
08238
13263
02237
04817
07999
06805
10901
09551
12984
07849
05721
06558
11819
05806
09710
03974
12238
04039
04037
10654
13583
09839
05093
12771
03325
11009
11735
12121
00902
11662
11294
09831
12078
01507
00362
08726
09359
10368
05075
09847
07151
10188
13011
02540
02509
11473
09205
06801
00666
08700
02847
12736
11156
07102
01648
11521
08547
10460
11432
11238
10023
10558
06391
07253
01810
05465
01244
06075
08483
11024
10172
05805
13257
09620
12870
10912
02501
09349
12828
11301
11518
09666
06761
03328
10272
01330
07960
05336
12325
06094
06392
01251
04682
09587
03784
07016
11879
04296
11951
08948
01087
08489
07227
10372
13247
07125
00211
01185
06167
01667
02397
04428
04329
04134
11530
00860
00784
01792
02772
02605
08862
09634
06638
10528
03986
08593
01876
09382
07533
12009
09479
06955
06582
07301
08764
07430
10533
06848
13321
12278
02293
12079
02734
11210
04089
10227
01272
11019
07330
01349
01134
13438
08844
05849
05977
11541
03870
04172
10601
05535
06769
10627
03052
07822
01773
08327
09425
12584
00792
01454
06649
08005
05474
03905
13283
06389
07899
10223
06581
06138
04036
05718
13602
11828
13316
12740
00053
04001
09395
06293
04734
02337
00685
10199
12422
06776
13277
02522
07572
05368
10873
10680
08754
08110
00523
12963
01776
08751
02623
03381
12568
01268
07261
02262
03835
03916
02706
09614
01604
04420
12506
09316
06194
08373
13288
09192
11162
04020
02546
10204
02008
11838
07299
09740
02002
08678
11841
02339
06672
11494
00575
08608
06527
13590
03315
06264
02917
04666
03910
09652
06370
03618
00085
02476
05006
03207
12048
12727
06115
04102
03424
06319
12956
10048
08437
12067
07222
10307
02690
03979
13539
05662
02331
02198
01624
03005
10994
05146
06456
05110
08710
04782
11710
02743
07208
02882
02367
07880
03863
06430
03415
07054
05295
04905
06665
06434
01214
12093
09141
11310
07175
04646
02391
04483
09766
05427
12044
10543
05847
06336
03811
08413
05386
01136
11836
03258
00036
10563
01841
01985
04353
07303
09952
02516
04269
08468
05086
10622
00572
13475
11084
07926
11174
01412
03073
03376
01130
03484
12744
09923
13605
08546
09460
10081
13030
06329
03228
07952
03939
04756
00556
12745
03521
10033
10124
05525
09809
10630
03359
07723
04424
05095
13129
07245
06286
10043
07610
00898
09201
10951
02780
08127
06296
07010
05839
12474
13403
01170
00281
06905
01470
08405
13239
02307
10265
05230
01875
12902
00804
10210
07036
08296
10666
04662
12995
07023
07538
04013
00930
08659
00727
01607
06277
09338
07529
10273
12112
08890
02769
04005
01127
09152
09369
05187
11703
08172
09957
10925
05642
12436
10746
02271
06040
03256
07755
12816
02993
13529
12424
10538
12099
02030
08821
07321
05727
02202
12262
00934
11849
07588
08880
08828
08521
10889
06800
06219
02125
02901
11559
11281
12340
11063
12165
03249
08129
06506
02353
01265
01795
07764
12856
06789
03845
01411
08737
11499
04990
06810
08107
11904
10388
06636
10768
10706
02890
10440
05811
08599
05880
02379
04508
09592
05271
12715
08563
08537
12515
11026
00827
13042
00947
07277
09905
02398
10759
09388
10095
11938
00115
11964
06215
00705
09073
05741
00064
06529
04083
06133
06880
11428
08861
07103
03259
07223
08850
01391
05269
11881
00978
06072
04157
01809
10217
09667
13566
06584
00173
11101
08460
00740
00226
10031
12916
07311
00017
05367
02408
00123
11604
08867
09401
07812
06777
04324
10064
05549
02953
10489
02646
05024
04883
06393
04864
12709
03104
02528
06463
13567
08132
11429
06465
03056
13174
02261
02550
06335
07438
09565
05124
00473
07293
08222
09270
02305
06908
00570
12137
05104
01381
13424
08504
10668
04459
08026
07416
01231
01476
11674
02001
12848
08901
00647
00057
01921
11783
03710
09054
10881
04686
02215
11579
05697
12118
04471
05814
08440
09238
01993
09289
00576
08493
01665
03571
04764
04865
07126
03321
04326
12219
11776
00954
07453
07714
01026
03124
10300
13014
02214
03594
05029
09301
12041
06221
01593
09824
01946
08894
03561
04572
07989
06768
09466
08543
04819
05647
13122
10677
09108
11671
09697
09046
07922
11091
08338
10507
03353
13061
12914
11421
02895
10398
01184
06431
12229
00764
02181
05416
12126
08811
02658
06804
13417
07800
06784
00879
08467
03299
00196
03097
10954
02332
11668
12820
00327
06017
00993
02602
10979
12619
09925
02188
06971
07373
10781
03044
03091
12525
10462
12695
07481
05420
05855
01076
11454
01650
04464
11053
01141
06331
03314
03020
11857
12186
05377
03504
08037
09127
12146
11898
08816
12002
04031
12458
05180
09636
12081
12180
05076
01040
02003
04335
02797
08235
09624
02781
05127
08287
00660
03478
10734
03765
10812
08976
02281
06807
11643
00431
10788
01547
03034
00876
04359
08704
04825
03433
05579
00252
13152
03308
10305
00498
09336
05638
02813
11831
01044
11929
08758
01762
10545
11081
02906
05894
12838
10891
07647
01588
08657
05470
06010
12576
02433
08167
02354
07950
06038
03251
02228
05378
02858
06972
04370
06086
01496
08086
10289
10380
05354
10041
00099
03184
12868
12676
05492
05200
07436
08087
11564
13399
10649
07928
04550
12064
05037
04342
01288
02160
09937
11800
12374
09056
09065
04727
01740
07949
03534
06119
07199
01363
12437
05117
12836
10893
00324
12189
08232
07315
02210
01981
08081
12775
03320
11651
03276
08875
01491
12237
13633
12690
02111
12396
05857
00405
07115
00124
02865
03108
04908
09846
08158
02791
08671
05674
06741
13303
09789
11657
02264
04641
09002
04328
09298
05454
02581
12272
04418
11099
08803
08686
13091
02479
03912
07157
00040
06798
00510
04444
08756
00616
13033
12904
04862
08896
10490
08815
12613
12341
02603
00116
09279
09700
00531
05155
12251
03208
02318
12116
12452
05988
10030
13526
08519
11293
06920
11706
12488
01671
00143
11730
04654
10263
08115
03630
10473
04937
11743
07061
01990
05259
13466
08746
03378
11255
11812
00625
07276
05808
04077
01610
05477
07642
05298
08348
10189
07212
02972
03199
11507
10898
08915
07954
08788
02774
07292
08634
12476
10868
06405
07885
00723
09862
04827
00062
00730
02108
00373
08050
03244
04675
09430
01982
06278
08125
09763
06101
01657
04916
08891
06859
07951
08677
04416
11954
02106
10304
00779
04586
13317
01237
04116
06970
13534
06517
02312
08693
02223
13432
05248
13604
04644
01804
00896
13254
09747
09933
05001
04882
06252
13181
11738
09083
11603
09772
04275
03329
01451
12324
12826
03643
03375
02383
13068
12822
08452
02119
04788
11179
09181
09450
00293
08701
06913
09044
13563
12411
00941
01932
08318
08766
06952
01484
11168
10350
01335
02696
00517
07521
03425
08897
09345
08242
07765
03193
02700
09441
10311
07097
09564
11582
06530
01928
04553
00889
01176
05695
11688
08178
04599
11960
12243
03535
09591
04372
13361
07184
09416
09982
09066
04983
04964
07828
03130
10250
10269
09485
10651
01640
10678
02572
02090
13487
05267
05202
00545
04447
03523
09135
07372
05824
12806
06497
11463
02045
02746
02316
05580
04618
12884
02838
11148
03430
09489
05705
10970
11694
09953
02195
09261
04809
01088
08416
05010
07945
06867
13638
01679
08409
05513
09694
03987
03137
05575
10435
05925
01817
10009
11287
08267
07379
10816
11358
03420
08212
04548
10971
13484
00202
03210
03264
07468
06734
04650
11151
11313
13553
02693
08250
02991
02832
10783
06978
10280
07991
07145
01367
07363
04179
05417
07446
03930
12445
05176
11933
06508
03066
09195
02523
10902
07300
11516
13324
00535
11460
01796
10547
03562
04120
05493
10001
05286
02542
02537
06109
10408
00690
06736
00457
08689
11167
10719
10611
01811
00900
00819
05862
00359
03764
03057
09155
07257
10633
02632
09562
12465
08380
00233
11006
04821
06931
12433
01146
05065
00493
07667
02886
06346
12447
01432
12917
06943
08171
07112
08681
00044
10181
04921
10466
10497
08070
04691
01104
10985
12592
10995
00381
12331
10917
05536
01195
12523
07534
11625
04896
13460
00447
01378
06483
13437
10070
02688
11315
04125
01122
12600
03942
07889
13513
02583
02412
12309
11143
06326
00883
04920
02142
07411
10465
11846
11314
08302
07197
07271
08378
12470
07009
04879
05776
13118
02598
00246
07660
10492
06602
03831
12814
01027
00878
10937
10894
11807
00509
10149
08672
06452
07487
05685
06883
06722
00207
03008
03603
04309
06837
06965
09796
13570
09680
09276
08860
01387
00412
12109
10443
08661
10569
07229
02513
01336
01852
08646
06438
06724
01677
08472
05114
12022
07583
11389
03752
00588
07119
10608
12296
07819
04321
07591
03304
10535
10705
07326
00865
00762
06642
05628
11531
09191
09628
03405
03350
05498
11715
04255
05966
08365
06536
04460
12313
13142
11050
04501
00539
02801
00939
04831
06340
12863
13300
09931
05167
05890
08226
05869
10773
02276
07504
09093
03727
01327
10655
02324
09505
06371
05458
09232
02615
08530
10602
00959
06900
04413
05353
01021
12845
12273
04813
06521
12883
04070
12343
07513
05177
11856
12867
13511
05773
06069
09020
12097
05371
05499
04903
03014
12650
05807
10647
07977
04442
06627
00070
11038
08910
03980
07682
11374
13488
13035
10391
08520
04750
06318
12310
07709
05644
06763
03739
12646
04689
02726
07936
01309
07070
12645
07671
11189
10092
07571
01816
10157
02234
05283
01119
01954
04940
01755
08301
11142
02440
02190
05876
12639
03047
04777
04773
13481
02005
10377
08512
11420
06008
02399
13242
09718
01765
09189
09775
08561
04746
02186
02461
02041
10707
07901
11537
10938
09651
06186
06895
05008
04412
10946
10650
06199
00676
08354
01485
07026
05821
07167
03954
11914
01974
02668
05735
01641
06723
05199
02429
02044
01856
02050
01727
06717
04196
12156
06102
06377
04108
10086
02327
07955
00986
05396
12242
04393
03313
02786
12269
10595
02120
08166
02785
11850
08759
12634
11944
06802
02046
12873
04307
03496
06967
00248
11048
09759
13232
05631
03205
06124
02304
02201
13314
06055
09364
07786
12773
03098
05123
03464
04302
01716
07677
02578
01836
11834
04066
03970
05993
12688
11897
02413
07158
13104
13643
11034
03884
09616
08814
00735
03277
07674
09732
07395
04213
01103
03936
09075
09016
05854
10882
02298
02888
01970
10407
09483
06894
07806
02232
11505
01708
06182
04043
04806
01240
03984
09512
06715
02424
12931
00392
02236
03922
08596
05313
01655
05912
07629
03576
07419
09343
07998
08295
03875
10025
13155
00015
12230
08120
12770
13013
10975
06426
12760
01779
07716
09973
02172
13517
02207
08639
08457
12316
11538
03899
00738
07385
10943
03113
11877
01979
05625
01332
08441
12429
05288
07751
07191
00164
01382
11843
00854
11548
04481
01461
03522
08790
06650
05840
05352
13496
12967
04992
12591
12905
05019
09001
12363
11361
01511
13002
07278
07290
04529
09188
07985
09695
07463
10552
12456
04343
11182
01100
04122
12692
12167
11357
02753
01750
07878
05063
02880
13482
11183
01034
12796
08106
08761
06690
12216
12096
03253
06103
07160
13206
05846
11825
13150
06621
03767
02260
11955
05364
01448
11133
02653
11725
08691
10598
03944
04917
11413
08245
07423
03665
02866
12891
03059
06515
09260
02761
02515
00125
11941
02762
08510
02712
12729
10809
08902
01564
00227
08787
05215
13094
06648
08501
00107
03368
12100
08144
02822
10819
05534
01505
04387
03215
13607
05004
11239
00459
11452
10969
03982
12757
06120
12754
10457
12818
10216
07871
09224
09074
05501
12877
02818
13499
02699
08668
02134
05125
09294
00418
00983
05793
00192
12889
12228
07973
12196
12359
08857
06968
03900
09008
00864
11741
01960
09315
05604
02682
08461
06961
05237
12926
07650
01447
08640
03467
01783
07913
05759
00081
06414
04938
06528
06755
09235
05201
05708
02705
01099
12500
02996
05341
03446
06928
07579
06125
00195
01627
02016
07918
05394
08241
09352
04715
00265
02126
03654
05090
08662
11632
10571
12593
03552
00620
12649
05910
08404
00083
10436
05301
01320
10277
07140
09659
02808
05013
00361
03876
00295
03931
07148
12908
04961
05830
13052
06881
13036
07214
05240
13248
03297
11673
05745
11266
09249
01672
03756
12011
00558
10424
08824
02096
04999
13171
02112
10965
00448
10676
01538
02500
08969
11426
10733
04765
07816
05437
07093
09750
04647
12909
10913
03837
12430
11375
10512
06976
01020
07491
12441
07099
13591
13451
08198
01084
06984
04010
07766
10290
01464
07399
07333
02521
03985
12985
10801
06126
04295
08893
11121
13285
07360
02359
09405
00378
01711
07662
02059
12752
02710
04288
11329
10562
00713
06909
01386
12205
09985
00059
10694
06893
11477
11369
00496
05459
10439
05945
11861
05878
12394
06214
03222
07224
06658
06417
13640
03879
00078
03676
03227
01339
09874
12298
07995
05344
01383
01535
06174
01420
00096
13108
08753
07432
01186
11805
10114
04530
11613
11192
12092
12541
07484
13286
00350
07131
12543
05384
05015
01394
06713
10851
04349
13407
00175
08254
01868
13166
03529
04659
01700
01154
10230
11434
10945
02242
00208
07133
11568
00213
06320
09234
09910
04042
11253
03089
13241
02524
12656
07680
13595
00548
06523
03392
12496
07789
11444
08523
09309
06730
06654
08570
06504
04669
07742
12918
05743
08234
04799
04091
07645
03745
04279
02194
12866
13025
01738
02679
09842
00120
00068
03550
12150
05870
03547
02964
03150
09507
05164
10203
10471
00963
08648
12787
06180
10785
08159
03261
01950
12317
10772
05903
04318
02830
08784
01893
11811
02431
03429
01499
04704
12632
12329
12220
10012
08642
11070
08265
11089
11348
08148
11257
13101
05677
03890
13462
06416
02462
01582
00460
01715
06670
05407
12455
07779
03818
04482
02014
05205
08760
08830
10955
12981
07641
01274
03444
12655
05930
11005
08979
04426
08555
00680
00814
11534
07717
08967
00840
01599
06469
10024
02093
00294
02230
08229
08410
02922
02004
05632
10052
02715
03651
00813
05833
03750
09530
01735
03331
12569
04154
03830
13107
06012
12636
12988
12705
10209
03075
00221
05401
05700
04128
01455
01697
04018
09525
11990
07877
11396
00607
12217
10527
02529
09206
05204
12817
08478
12203
10309
01032
01133
04807
12494
03037
06441
01695
00885
00328
05009
00135
01687
05418
04752
11822
09758
00972
12590
08141
02309
13599
07760
01891
06307
05308
13217
08836
07038
13140
01211
13646
13050
09123
10758
05507
13358
06210
04330
07823
05337
07555
04603
04415
00368
05706
06791
13600
12479
10986
06956
11982
07866
06458
07302
00339
02456
05350
04189
00671
01871
02673
00609
00260
08422
03592
03949
01742
02736
04262
03384
07852
07532
09113
01029
09891
04814
10909
03913
12529
10618
05326
05843
03627
06612
12718
01874
06130
10674
10762
03241
10617
06704
06625
02956
12706
12495
11438
05792
05280
09461
12652
13153
09477
06997
12906
01372
09656
08711
04796
01843
05496
03810
06751
13090
00491
03469
00229
13064
12907
03991
00975
02493
12547
12418
09373
10195
09830
09645
06772
03872
11661
06020
01473
12640
04188
11558
01311
08458
05570
06350
02773
08165
09519
04487
12387
01769
04479
08095
13253
06424
00052
08652
10600
01900
05108
10670
03479
12666
01257
00245
12516
01639
09790
04732
00388
05318
08869
07809
07589
05160
04532
10220
03457
00018
02346
09132
11585
02306
12637
06080
05984
08578
00976
03466
04004
00380
06697
12672
05668
13229
11936
00438
07065
01922
08394
07152
08926
13028
04942
01576
05675
09339
09160
05693
01630
04766
12927
00349
04995
13587
00970
01915
01459
02735
06285
12662
08616
11068
09361
00417
09210
03188
07477
12497
05438
04898
10312
06411
12025
05973
03785
03347
05338
06660
11930
02829
00674
08723
05660
10505
11265
03696
12789
13220
13121
10849
04913
02911
06224
06152
06609
10640
08610
05483
10977
07242
01662
04028
00342
08423
00365
05655
04581
02406
05451
01163
03952
10423
04117
04143
04868
08079
00074
02952
06283
11995
08785
08806
09832
10366
04956
04222
05023
08134
08153
04414
11328
00022
12581
09318
04059
08240
06657
10637
01028
00893
03340
01430
11304
02145
10076
07518
08773
05256
00502
12835
10906
12507
06422
12218
08560
11888
05322
05178
10266
03657
00800
06618
07728
03492
13476
11184
13249
02644
12256
08033
11748
03946
10182
10073
06914
07890
04953
02402
06884
07948
00154
12588
12557
10310
08383
03829
00298
10890
10275
02691
00410
02600
01830
09230
12330
08499
04292
08112
11757
09780
03933
09611
01870
12732
13070
01968
01529
01489
11011
01342
01772
13463
13089
08024
09492
04897
04877
11152
11125
04592
06145
12306
02498
08947
00790
07622
13212
01242
03694
08356
03435
03476
07690
10192
09597
05723
01429
02217
12059
05788
10960
08554
08147
00423
11959
08574
11201
06740
09979
09043
00422
03337
09400
13188
03078
03448
04074
01691
04671
03122
13103
00554
12094
07663
00130
06522
07063
05303
08215
10111
12933
05128
09742
10330
02340
06071
05244
04132
10763
06503
04249
08934
00445
07808
07666
07128
12668
10026
04090
06263
04672
03771
06992
05375
11724
08304
04111
08285
07748
12599
07388
08381
12185
01956
03498
03427
08367
11111
05422
09924
10936
05224
08128
04943
11796
10042
03417
05098
12346
05208
03560
06886
05061
12378
12625
06671
13366
01068
06201
12894
05704
10419
04274
04119
10888
01782
07124
07078
03356
02517
00440
11985
00853
12007
04567
06308
12214
07673
01160
13119
06878
11036
06701
10381
09776
01924
03019
09014
04311
00950
11450
03192
03206
08175
07220
07105
00643
03893
00117
04741
09913
13172
03660
13444
04433
10234
08104
10916
04256
08111
10467
12577
12545
04181
02314
06925
01864
10858
07605
10944
04468
08339
01826
03636
02040
08513
06272
07364
05544
01682
10071
04601
09793
13510
06088
08725
08048
13134
10657
09868
03951
06873
09526
12991
05614
06876
04463
05562
07483
11140
08620
01077
05191
02859
03950
05132
12039
11826
01663
07248
03418
05077
05211
00269
13565
07200
01271
10826
11492
10474
08186
09348
00420
06450
08656
10803
11470
05138
06122
13269
04327
07788
04490
02246
01066
08721
08696
01206
11205
04651
07658
08121
10136
13485
04380
12607
00453
02930
09786
11611
00755
10105
05139
12527
01345
05939
01808
00193
07101
13385
02748
02371
05412
08140
04439
12448
09452
13374
00615
01238
05252
11020
03471
02290
11804
03341
06583
05195
05329
05263
09734
00247
07198
00455
07156
07283
03584
02114
00048
07182
02135
09251
06733
05287
09437
07861
05131
09810
06949
09089
09632
09482
13525
08682
09829
12614
04524
13446
00382
09484
05147
08308
01929
03689
04190
13154
11067
11260
12823
12020
09841
03749
01196
05886
00037
11943
11127
08122
10822
11488
01126
13586
07845
01563
07055
04948
07043
11975
02642
02345
01936
05471
08889
09068
05555
10871
01794
02527
00824
04597
05419
09103
13477
05443
03352
00985
06669
02468
01906
07826
11276
13351
05185
10367
09184
00552
07149
00355
04139
06912
02404
09531
06683
06084
04924
04118
09594
09765
00797
06493
01169
05995
06539
01592
09258
09676
08344
09674
05317
08991
12438
09579
05680
04390
00566
11080
01798
12066
08706
11924
12403
11550
09857
10074
12549
13623
07219
11123
01504
09019
01676
04510
04805
04148
01635
03245
12459
13320
08260
00801
11303
02038
06372
06090
01947
00021
08324
07562
06633
00016
02854
05181
04857
09055
10948
00311
06054
11646
12857
01737
02390
10045
06480
03294
13120
04521
00411
01106
01741
06580
12371
05466
06295
01417
01568
08702
13512
10027
12513
02669
12281
04085
05585
13282
06206
12596
00524
00421
03623
05226
06352
05408
05996
02525
13456
07404
02763
01010
03921
01096
08942
01441
05366
13024
06576
01167
09227
07482
06653
01908
10827
13111
08351
12900
04965
06677
01390
10724
00847
00996
02589
12303
12992
07324
13043
03691
05610
06675
09528
11471
03354
03896
11360
02634
05130
05593
00602
06114
11502
12434
11056
01726
12212
00157
09756
11607
10745
00774
06953
01343
13427
11806
02666
01930
05739
02717
05175
10607
04974
01304
12758
08002
05732
05836
12660
01404
12974
06590
10610
12383
02567
01550
00180
01702
07863
13224
01971
01115
00752
02704
04729
10201
03421
01371
05069
11345
12369
04797
13031
01571
04533
10659
01553
12723
11464
01490
13452
08004
05228
07028
08075
12942
10974
03787
12626
13178
00802
03163
04289
13243
02593
10455
11325
10093
11714
01165
00982
05519
09212
13167
01775
11683
02536
01629
00114
04707
07018
10118
06855
07515
02453
10144
13116
10691
01725
01204
05257
05302
12085
10244
07771
01512
07185
11496
05946
03964
01450
00358
00444
04364
08801
02597
10151
12610
06268
02784
09119
01269
00474
07853
08826
07058
05277
07626
00203
10830
09817
07100
00655
08428
00768
11687
08155
12615
09640
00513
01483
07613
03989
10811
01578
13430
09409
01712
10536
05707
00997
00938
11557
02767
07969
12045
00039
04151
04866
12530
00627
04470
02248
04221
09956
02799
07575
11195
03861
01646
05369
11244
01261
12734
06078
05914
04082
11391
07708
08330
07085
01053
00156
05506
03116
02405
09693
08168
11086
11134
02802
00408
06785
07450
08411
01793
09246
13367
09566
11566
09151
02162
09504
08968
01292
05268
07403
05711
11999
05270
13558
02752
01105
06085
12057
06459
12234
02064
12825
08189
10431
07876
04674
07807
04472
04047
11476
03301
06256
12580
03248
12323
08430
01423
03555
02928
10292
06998
09335
12935
01754
10016
11498
06622
10308
10476
09668
01129
02852
01748
00940
00014
10468
10343
00831
10078
01416
03611
10930
08736
07467
10183
13545
01858
00204
02474
05217
12267
08292
06106
09094
03838
07762
05511
09890
02370
00687
07990
08230
08328
13005
12644
09157
09682
12148
11756
08009
02366
02130
07749
01510
09307
08615
13266
09179
13192
05516
09071
01718
01252
12451
10167
11234
12724
07402
06511
00097
10414
07353
00191
12484
01923
12076
08843
13098
06311
03735
07703
11108
09280
12000
04761
10574
02620
08777
11150
12790
09475
12583
07548
11630
00505
10013
12276
06960
01138
12597
00461
04340
11288
10721
07814
02738
03613
07193
03586
11388
06634
05054
04026
08370
09812
10208
02790
03386
02078
05376
10753
13391
01113
04469
07362
09148
07142
01503
13606
10000
13360
11769
12561
08329
12104
08839
06896
08522
10178
01572
11506
05505
08303
00537
03443
02637
01846
10723
13284
09664
13216
12853
10160
09355
03382
13472
12657
04417
08417
01399
12361
03154
11412
01825
09908
09749
01392
01513
07614
02341
05630
00364
11252
12512
06809
12332
11851
09946
09417
10329
07715
12548
12934
02723
07355
08507
00225
13318
12586
00393
12633
04623
00077
01019
04168
12498
12777
04371
02621
08973
05863
01764
09363
01017
09447
09497
02530
01082
01357
02432
02396
12939
12183
03494
05212
12947
08827
01493
12049
13071
06902
02927
07051
03624
09911
04578
11567
11697
11145
11097
11675
00134
02322
13502
10479
07307
02711
01492
01703
00546
03518
09310
11271
13468
10385
07081
00034
04360
05539
08679
11980
02834
02416
11376
09105
05730
06353
04624
08343
01275
09182
08216
04690
00760
02601
02558
00772
10597
00599
02862
01178
09720
08360
05502
04003
01385
10522
00830
06924
04226
11737
09186
02861
13026
09538
04728
13582
06344
03914
13270
12478
05690
02576
02897
11882
05245
05750
12979
00333
00560
07994
12154
06330
02464
12531
06413
09964
02652
10146
00319
11949
05327
04041
03176
03647
11482
09096
01656
04452
07471
05844
02205
00464
05485
01338
09277
04182
00385
13136
07215
12804
07037
09922
10375
12114
00425
00897
02577
00659
11713
03882
06725
10117
02810
11973
11895
12948
04954
00971
03587
02833
03996
12807
05087
08256
01331
07250
05194
12923
13240
12840
01756
08421
12664
13368
09078
05444
04015
09308
01259
08445
12975
12766
09087
05879
11211
03815
05469
12480
12937
07992
01525
04826
03525
09930
03998
11120
04351
07962
04815
04867
00937
02347
09848
01421
11014
01546
13163
09807
03901
08907
06156
05033
07365
07706
10784
05405
10386
07295
11346
03262
07772
11443
06299
08082
09341
06197
03367
06603
05032
13392
11852
05002
06240
04871
08796
06301
06467
10661
09320
09420
07094
02267
00437
05709
04665
08868
08269
07780
02489
12040
04396
05068
09554
12689
09534
02222
05669
07122
04763
08538
03048
08150
04245
03346
07233
03568
07731
12872
09909
10813
08425
05464
07940
05216
10834
07573
04702
09226
09903
06009
09271
04824
00678
11595
01789
00277
06379
11935
02492
01812
12351
05021
05778
09080
07232
06857
07510
08533
03827
10961
04696
08895
08747
08103
03204
03994
06870
01370
02986
09099
03148
06457
05938
06368
06203
12209
03407
00398
12567
07000
00379
08034
03306
11858
04642
01767
10757
02716
06882
06599
03177
01333
04347
08931
09785
08011
00179
03864
02006
06258
11780
12246
00911
02356
00815
05901
09039
11623
12696
01008
05916
01286
09970
07005
09410
13348
07958
01919
05515
11872
10892
08708
09199
10247
10709
13168
04538
11584
10684
03161
02694
06607
08799
04103
12080
04231
05779
11033
13471
02560
04914
11367
01559
07462
04679
09730
11717
01035
01073
01124
08332
11526
09803
10445
11270
02203
11393
04063
12805
00899
10896
02997
11814
02428
01556
10314
12282
12446
08029
02049
09686
10532
08977
08154
00093
03291
07007
05088
03546
05246
06313
07347
00091
03117
07406
06184
10756
04194
05475
12546
07114
12393
11905
11309
03629
10740
10373
09995
02273
00369
07770
03975
06291
01282
05092
03283
11025
13169
02650
03825
02369
07032
02437
02458
11539
13291
08548
01049
10990
09114
03604
11845
10542
06077
00201
01200
07971
00282
03777
11215
01047
11774
07440
04723
08320
08012
10197
00290
02244
11051
09158
02958
11049
08290
11320
04612
07400
13287
07444
07249
08051
02255
07256
12140
00826
07139
00138
13054
07391
13273
01445
07696
09047
04584
03007
13264
04811
05120
02611
06089
11230
07857
10717
02518
10394
11913
06825
04670
02252
13530
07564
08776
08598
02703
13338
06750
01449
04263
10461
11992
01179
00642
01909
02348
13550
05608
01051
04850
03662
03556
10257
12193
04193
06573
03990
13084
13182
08482
06689
00508
03293
06738
00828
06032
01584
02636
13075
03460
03365
05003
06606
03165
01939
04369
08683
05949
08583
13379
01197
06862
08936
01283
01065
13323
11176
11159
11792
04301
03943
06721
01290
13105
09569
10348
04219
02087
03888
13049
09698
02325
08194
06227
11752
06553
02089
07165
01781
06204
06702
11532
04086
04627
01039
11766
11058
04356
05645
07963
02124
12767
06958
10258
09989
03174
09353
00584
11860
04919
03501
12739
02373
09760
09853
01356
04768
12321
11422
11462
01150
13637
01250
00948
05522
13362
03118
11597
01158
09929
12117
04033
13422
11333
00578
11275
02701
03968
06314
08631
01992
07777
07166
03507
09685
00869
09932
11533
02326
01532
03565
05962
03959
05188
11903
13191
11915
10226
06484
08590
12290
03475
01884
13196
05272
05883
11583
01615
13521
08684
12187
10988
12764
08883
05651
11117
00310
07258
10910
09615
11571
08568
11966
03127
10121
01249
10697
03400
01752
03428
02057
00312
12971
11698
06828
03316
06687
04901
09299
04771
03286
04776
10671
11398
07832
06030
04688
06922
11139
01161
01554
12342
12420
03826
08635
00337
03096
10186
01408
11587
07217
11116
00032
11672
04067
03131
11685
01098
03379
05782
12138
05972
07631
09091
04639
00770
00089
04336
07753
08201
00214
00758
12663
07595
10283
11617
13267
01156
06980
07012
05606
04885
01193
09837
06477
05007
01943
05999
03911
09500
13255
00825
04794
07553
10570
03238
13261
09347
11676
11015
02074
00321
06570
07961
05300
06598
00468
09084
10378
13560
00452
06181
09302
05234
01307
00188
00706
08669
04398
03596
05012
00149
02212
01001
07153
11065
06987
12713
05742
07704
00600
03217
06875
10161
01521
07892
00169
08448
01614
06788
10792
00526
04634
00709
11970
03714
08398
03099
00360
10448
12124
08525
03836
08022
11658
08353
05434
00069
01344
06196
04477
13307
10487
11878
11512
10110
02442
05724
11722
10796
08873
12130
02913
06396
10446
03307
08627
00757
09273
11267
07035
08584
08453
09503
10065
08518
08449
09906
05932
07077
10015
07239
03370
07433
02798
04375
10919
00254
01688
04297
00838
03305
08727
03445
10561
06666
11456
01840
08571
02328
11291
02486
13344
10710
12571
03284
05111
06259
11886
12797
12179
13443
05129
09300
04899
11278
12885
02110
10051
11465
09288
05183
02419
10454
01800
06202
10856
09708
04931
09745
06024
12681
08884
04935
10837
13333
03564
05558
12733
01433
06312
06923
10034
03203
09889
11077
13297
12993
06838
13555
10150
01255
02544
12941
10324
08749
04591
07761
08515
02358
06661
01174
05273
06270
09974
06632
06255
06796
07957
12508
10848
12176
11950
03065
02388
05682
11770
12013
02051
11563
03138
06550
03917
03531
07325
10662
04282
03877
01009
04367
04121
09577
04178
05582
08420
05927
04933
10989
06482
00968
12841
10606
05963
01857
01202
02920
03119
12370
11349
04131
01917
09799
06079
10249
05529
10846
06251
01980
09393
12809
05613
06794
13548
11218
04298
04216
00167
01038
11240
03332
09111
09340
10984
05829
11052
09967
13185
03566
08734
12608
09022
13474
11071
08291
07275
01883
00649
05665
05389
07386
12720
02949
05030
01706
08097
12799
01777
06162
04065
11891
06354
11385
12781
04873
06049
07072
12833
01297
04285
01622
13234
08963
00466
06813
13575
11535
03918
08400
09559
10619
00005
12540
12679
04774
12922
06178
12197
03197
07921
04902
01508
00239
04322
06412
12089
06938
12336
12132
02502
13327
08805
05967
12412
09365
02499
07834
11392
12373
08581
12982
10823
03788
11666
04808
06985
03021
02721
13507
13331
06244
08655
04146
12004
11561
08337
00920
00916
06128
11664
11299
00031
05241
01112
04946
12027
11161
06083
05060
12780
10134
07778
11085
10814
09036
06011
07651
07648
00782
11707
05151
08800
10815
11641
10922
00906
04055
07917
02520
02531
00583
04526
09030
06238
02894
03840
12415
03046
03682
10285
10355
13433
00622
00732
09481
09820
07927
09811
11562
01831
07434
11509
00882
09902
08981
08763
07758
04206
08956
05508
00922
03632
07811
02444
07881
02482
00161
03324
07443
02470
00924
11733
04816
04703
08114
08985
01222
02410
09944
08556
05653
10055
12037
04511
09934
00394
11503
02713
07003
11130
08562
10106
05864
00990
08641
04585
02010
12858
01246
03132
03874
13645
02149
02037
03965
10585
10578
02959
01853
11719
13473
10245
08645
06281
03802
08412
00199
12287
05907
10718
00795
09536
09977
12166
05372
09988
00877
12240
07944
04435
00354
09993
04853
11423
08526
02374
03960
07872
12254
12279
08434
13416
12400
01768
09498
05047
06714
10928
02995
03355
00194
03887
03147
10609
04593
11353
12621
07882
11740
05714
10638
03595
00598
09486
01914
05928
01487
08020
05225
04514
02718
13197
12188
04267
00928
07552
02951
07831
10628
04235
07735
01094
13527
01745
03327
11490
09971
08335
03797
06359
12032
06619
05491
02630
12293
02438
11765
05481
13429
02960
02013
05780
12929
07457
01396
02989
05395
07415
10878
11900
04712
10444
12358
04161
13009
08779
07546
02240
02925
10544
01478
11628
04837
01205
12384
11023
07581
09216
09894
03798
04845
04402
07883
10907
02687
04430
02757
08762
06387
05227
09453
10865
00846
03459
07537
02759
04941
10518
09180
03300
05207
11007
05918
12407
06018
01515
01060
05823
07454
08637
02848
09281
03794
11220
05985
11956
08855
00144
02265
13112
11487
10434
12311
00146
07195
11042
10131
08864
09490
09593
00927
12783
10376
13454
00638
01694
01889
11745
09286
09304
09217
13262
06793
02749
06177
12945
01938
07691
05586
09540
08078
10262
07959
06680
13322
00775
04911
11876
13397
04144
08496
08687
02127
03143
03202
07470
07993
03155
00754
04568
09688
09204
04661
12233
07563
12921
07639
09598
10420
09947
01352
10361
11445
06246
09404
00142
05297
09291
10229
09578
08007
00872
01832
04754
02979
12962
11206
12280
01760
01350
13616
09532
04844
13533
03909
06378
11344
06395
02097
02635
02020
03474
07401
08924
03621
06891
01601
03423
05253
00810
00231
09501
11258
06343
05106
12999
04748
11384
01181
09007
04833
12798
06287
05838
11046
04610
10179
13532
11417
08845
09118
09332
08825
01384
08636
12224
11887
11790
03948
04820
11993
05812
05573
13008
09173
02387
02117
00383
01413
06742
09383
05070
04619
08752
05170
09202
10493
04278
09858
09735
11610
01037
06033
02018
03183
11144
09305
11039
08792
12553
12968
08965
11598
07838
09368
07933
01887
01498
04975
00495
09556
06183
01142
00033
03620
04949
02804
03702
12410
04316
06635
00292
01234
09198
11998
12074
04410
10447
02794
02164
12854
06449
09413
02506
03225
13598
11457
06629
05052
07196
05236
04907
05595
06179
09095
01972
13044
10224
06787
00404
01940
02782
03298
12972
01277
05229
08277
02180
01281
07972
01565
12505
10231
01253
00887
02291
08203
06243
03926
05699
12213
05530
11227
13006
01016
00787
12521
13572
03790
08279
11622
08133
04693
04339
06216
07791
11986
13183
12153
01692
12457
03868
05956
04605
04801
04253
05445
01414
13003
05681
12337
00095
09424
02060
13222
00276
02539
04023
01194
04757
05766
07727
08605
04112
00284
11466
12355
10621
03062
13421
09773
00419
02891
13537
04993
05439
01457
10062
07111
07759
00729
00903
07442
11249
03339
11606
03526
09570
10166
04520
04537
00041
08098
03842
11835
02054
03045
10143
01509
04818
06282
03906
10036
06358
10664
00689
00686
04434
00449
04600
03164
09670
01092
01467
06577
11862
10335
02841
05154
12202
07621
05763
12698
03220
04535
02921
13069
09085
06832
06514
02100
04489
12353
13483
04692
02098
06977
06545
07726
13208
04779
02977
07956
00413
07859
05646
00789
02649
01293
08495
11747
11286
03267
07884
00009
02141
10924
08653
10325
10472
01621
10080
05666
11602
05797
13037
12844
09124
05934
12236
10115
00749
04909
03232
10239
09706
11569
03697
06439
10404
01302
04778
09599
11652
03516
00476
02747
11760
10100
08697
00118
01678
09176
06470
06941
08831
09322
07207
02256
12965
09213
04240
12472
07137
09223
11497
09478
03583
10789
01089
00306
09110
06546
08006
03605
03230
00122
03398
04997
03088
12423
08268
04996
05290
05961
03051
00522
01838
05433
02585
08865
09456
08259
01011
07640
05051
02143
02159
02508
02665
04930
13394
09331
10351
08841
13127
07435
01223
04852
05079
00492
05436
10511
04621
07843
02385
06347
11524
08001
03999
02150
00592
07635
10057
13551
06070
08540
01148
09895
08735
07312
10103
10653
01291
09403
02277
09171
02846
12712
08660
09194
11689
08633
02885
03128
01422
04505
04068
09984
07523
02171
09643
10648
04743
06442
02292
12671
05943
10214
12719
05400
11064
12392
10550
08848
05478
00606
06564
00007
01848
07120
06824
03655
11761
01895
10278
06473
07161
12524
06691
12018
03344
00863
12680
07192
01111
04803
00450
11483
07323
08202
07021
01709
03871
06979
05587
06692
08379
09774
03031
10700
08823
09143
01228
02436
02066
00353
07057
12068
03114
08498
03006
08065
04698
12855
12658
03514
11716
02488
00090
01799
03011
04391
04839
04199
02333
04308
05603
09899
06904
07525
06659
09407
11149
03848
02936
11621
01177
09053
12034
06388
05933
05397
02732
05209
10054
04658
09612
11030
00289
01530
09438
06015
06237
07737
08297
00894
05122
08275
04606
07113
08703
12860
06021
00912
02053
06198
01406
02919
04093
03285
13561
07630
06833
11588
07448
08748
05058
13325
10345
05749
10352
12439
07561
11322
03450
07887
09107
13630
02561
13384
09225
08307
01263
01030
08047
12611
09163
12604
05621
01707
04611
07049
06475
09287
02368
00836
08995
13305
09669
02216
10154
10693
01598
04300
13130
01527
07211
13109
07781
10281
08462
05343
02899
04241
11870
08966
08073
02617
05447
00267
06013
02084
01171
01083
07836
08997
08943
00374
05974
09560
04854
01959
12377
11693
01500
05791
12570
06322
01717
04162
02062
03677
07787
12035
07396
13021
03669
01518
08720
02055
04261
10624
07134
01218
13552
04038
09589
08962
11405
13594
12157
12462
07201
08856
04738
04960
00742
12669
07592
00651
02648
06983
13162
01395
07702
07025
09563
06117
02224
05431
02034
00759
04054
06719
12846
06425
02582
01869
02151
05531
04319
07336
10821
01751
01086
08644
01778
11073
08043
09867
10583
05382
12998
13132
01544
07281
07967
05817
10875
13357
08284
06605
07625
05853
12084
09149
09788
00987
08722
12526
01000
09815
10957
05102
01067
01120
01918
12753
01666
11700
08183
03419
08990
13332
12707
01474
04488
01296
03231
05149
03593
03213
09884
06858
04791
12969
04604
03250
04242
07146
13058
02988
00435
00958
01949
12119
00601
07351
04135
02129
06076
00467
11324
08331
01232
12708
08903
00540
07427
05363
10596
12222
12322
04197
04374
03928
00908
05676
06273
07189
03672
02426
07603
07711
00536
11779
11798
07464
06173
06155
09428
10613
10066
05858
05074
09719
07110
09707
07508
08053
00108
09888
00704
11759
09292
05379
02467
08438
05935
06585
13439
13106
03792
02311
04251
11633
08566
10401
04174
11963
06437
07318
07500
03156
05561
12743
03883
00596
09406
06427
08470
10643
00942
00067
05166
13010
13459
13540
09319
01166
07558
05243
12579
04202
03465
05222
12468
06185
06107
03195
10485
00832
00668
02510
08485
03216
09673
01248
07600
10319
09449
12678
10412
07422
02266
13408
01081
03489
12375
09641
00541
12875
10568
02998
02490
00320
10857
06509
06323
06000
06059
00063
05990
11472
01595
08184
04628
07266
10242
06799
08349
05850
04517
06097
05057
13409
02351
07071
07180
10731
03572
06447
00681
03512
08028
01270
10253
02803
05564
09717
10500
13145
09321
01807
12334
12703
06132
05980
08892
13641
05619
08918
03071
03309
07616
12832
10699
05210
13350
11656
01229
03322
12821
04127
04451
01873
00910
03134
00907
00497
10632
02477
02587
05011
09881
13603
05025
02400
04652
04205
05624
06116
09629
09146
09256
06877
10286
08077
08651
06964
09849
01531
10187
03092
02303
08094
03824
08221
08577
10259
10663
08315
06157
00974
02981
12249
08833
00111
11636
12661
05577
05186
00235
12980
00661
01937
05568
04123
02443
04560
04613
07075
05893
12959
04234
05881
04681
08374
03925
00514
12830
00873
08401
13556
12879
02092
07390
13588
03619
11062
09112
03993
04378
09513
10432
13434
11899
07896
10879
08055
13522
09245
05362
13053
13396
10029
06986
02259
05476
04325
02455
00441
00604
12247
01713
13557
01549
04204
05143
12295
03832
01699
00714
04544
03711
13639
07238
10077
07138
13503
11572
01951
08517
13156
01689
00821
12326
11186
03726
01603
07169
06996
11228
11221
13457
12320
00073
13230
12173
04687
04676
08386
12406
10551
07657
07656
02364
09724
06302
05673
07719
09752
07171
06208
02279
09436
09927
12469
13644
03342
06061
12206
09389
07652
07526
09919
01424
01948
03642
04531
05266
01541
06543
05983
01837
12673
08341
02024
09106
02910
10320
12631
09263
04305
00909
06047
06232
13278
13032
06474
12949
05067
03377
03069
05292
13296
11686
12043
09542
06029
09431
05342
11102
05282
07599
05463
09900
02557
02783
09798
09495
00291
01877
11480
06118
07243
09259
11302
11087
11927
02204
01341
12054
06356
12417
10177
08647
09062
06744
02505
01660
00446
01224
08935
11513
12936
13329
05908
10362
10083
00316
09692
01744
09236
10818
08197
03270
03366
05658
03981
03406
05815
00679
12061
07805
03664
09468
07976
03578
02733
07389
11126
01625
04441
08391
13326
10564
11032
08923
10941
10798
11214
00484
05822
12786
07361
04616
13636
07910
03733
12390
12264
09370
06929
10369
05550
02670
11945
04228
00519
13514
06025
12944
02807
03656
12127
04000
12946
00002
08946
02082
11802
02714
12768
11190
06461
10087
02132
01323
12572
03795
00109
10129
09635
10047
11575
08058
06917
10775
06111
06495
03274
01670
03891
09381
06948
11169
01927
09150
11187
12333
10903
10665
03553
02680
12876
05109
13478
06613
06537
03538
00297
06668
03409
09284
11381
04040
01879
09959
01313
10359
02938
04334
02363
05482
12291
08044
09435
09897
10548
01334
10049
06373
07031
13625
00159
05722
02684
10836
11704
10022
02839
02439
07733
07608
00224
03279
07633
03602
11918
01978
07011
09063
09380
08393
03793
06144
07183
06002
06366
04386
13543
01539
11352
10126
02308
06728
07359
12122
00547
09396
06890
13415
11928
07586
08270
04802
04361
07907
02727
01233
03490
06141
04419
12001
09122
05670
03302
02033
00511
01479
12562
11163
12812
02068
04382
04277
05142
07946
10732
06954
01562
00961
02812
10040
05370
01436
04758
02418
12638
09266
10935
08162
02744
03451
12056
07763
04016
09690
10079
12239
05958
03708
05751
10142
11363
13128
09638
07854
10582
11118
00799
11243
00905
02257
07357
08685
08257
08551
02776
00582
13271
11799
10741
04928
06700
08363
11027
07686
04673
08116
08000
08025
13063
12211
05113
06815
11589
12701
07181
08580
05765
09257
08497
05374
00487
10754
04007
01284
06551
00153
03789
03022
05959
09866
06104
01318
00520
10940
10075
09709
01458
10168
03709
00593
07288
03333
07252
10344
10503
05495
10786
01149
11626
02937
12063
06220
03957
09687
09618
04291
13469
02329
00271
04486
00219
03809
08607
01736
00338
05899
01684
04525
09058
00786
08309
09997
02978
07839
03755
02269
04337
05551
08854
06367
00696
09069
00463
10587
02073
02728
06774
12810
04795
03319
06610
01359
09433
00708
10294
09242
12665
03086
05982
08717
04726
11109
08925
09619
11727
12677
09961
07528
07678
08126
08955
08251
08807
09328
01005
04404
10297
11883
08795
10687
03493
11141
08625
05285
03961
07092
09138
12653
10755
09515
12201
07267
02447
07722
04894
13461
00613
03878
12990
11540
01471
04107
10742
04217
12250
08035
11160
07050
09032
11751
09787
03237
07178
05299
12103
05080
00127
08933
06562
11629
07821
10594
03211
03182
09838
10833
11762
00043
03894
09870
11573
07604
08695
00409
08885
06016
02904
10703
08137
04780
12198
01056
02765
01516
11232
05794
09834
00150
06966
00737
08674
10931
06999
04978
04973
05813
05213
03520
03018
11791
11078
10895
01495
00305
00372
09196
08389
02939
06549
06403
12134
03541
11135
05383
09129
06872
11157
02683
07076
05769
13193
08397
11491
02174
11199
09609
00888
01462
02103
08016
03125
03281
11827
13081
01012
07461
03690
05153
12654
13349
03852
05965
08345
09762
02565
00205
08193
03778
06042
07620
01397
11794
08688
12747
13363
07313
06575
13210
01400
07420
09050
05441
08274
07068
04095
06043
05514
01988
04233
08476
07988
02907
12428
04461
06651
11771
01802
13544
03513
08003
05649
03391
03171
13455
13564
07851
01926
13592
09869
07556
05460
10413
03168
00216
09144
06310
07982
12815
01014
04136
01403
01245
05159
03090
06171
12091
04060
06236
13531
08594
09136
09010
11446
12432
13259
10336
06783
08506
03054
02863
01358
07590
03039
03252
10642
03822
01192
07447
11418
13345
01475
02469
09555
02211
00571
04784
11338
08406
11307
09541
04173
03111
06871
06737
11461
01137
06279
10156
10232
10831
06541
05472
12932
12728
09916
10463
08755
11202
04769
10020
03814
09873
03055
10084
02434
00866
07398
02169
13490
02692
10302
04348
00485
08982
06360
07979
04717
03070
11010
08358
04272
00341
10225
09317
06934
00559
00845
03438
08427
12492
02606
00683
02389
12635
05028
08130
11261
05331
10096
00688
11545
11146
12811
01488
11018
07858
10770
01910
09372
00186
03106
05909
11866
04002
13589
04976
00266
07316
07086
06213
02365
03187
00105
07264
10787
10288
06775
13073
06974
02533
07127
09550
06188
12475
02227
05994
11366
05611
03437
00669
13055
11958
03536
02245
07384
06374
08781
07675
03063
02796
06932
10005
07517
02742
10219
05913
03940
04932
11216
05293
08649
00808
10748
05922
01347
05264
06253
03043
12716
06187
02915
05944
01301
08036
05663
06488
06975
06394
10410
06645
02739
00917
05031
01721
05137
12746
07205
12950
01759
11331
05163
08446
11596
09784
08595
11095
10541
02472
10175
11718
01723
13080
04888
07784
07340
06510
09517
06419
05489
00401
11732
01085
04656
09015
03273
02511
06410
00589
09037
06316
12365
10228
09274
01819
09159
00345
03715
06266
07282
11119
00325
02695
12819
02138
08877
02755
06696
00264
02900
01305
02663
13506
03867
04290
06663
03612
05304
00654
06765
11342
06200
05888
07069
12643
00980
11442
09764
03240
02382
08819
12901
07284
07506
07338
04557
06060
13170
02553
04912
11300
13189
10480
04944
11061
08084
08544
05746
10934
10021
03932
12053
02618
04045
03499
00788
12265
00375
04283
09031
01319
05799
10720
03865
02107
04448
04392
07516
02473
09386
00745
10191
07505
04130
08071
09518
08575
11241
08643
04499
10060
09951
01376
11410
06382
13528
09427
00653
12693
06851
05091
02335
06535
07565
13306
08227
07042
10438
10515
00071
08262
01151
09792
00895
07687
09137
10576
00590
01996
12554
00891
09233
07617
07237
08152
08080
12466
02770
05220
11645
04663
11916
10155
10590
00131
08863
02139
05620
12391
01934
04062
05598
12603
06705
09938
07597
12552
05767
11356
06045
03934
05915
12152
11175
00430
09013
00694
10246
08534
03181
03440
05148
10817
05488
07472
05448
07802
13126
04346
02876
07799
07841
02671
13076
10481
03746
11692
08359
11415
03503
00734
12402
09330
06589
13410
09887
12036
02821
06375
04635
09488
13464
12520
11818
12697
07046
04203
04559
13578
10035
12440
03084
01213
08922
10321
10122
13500
08514
12659
10425
05321
09153
05754
02384
10685
12315
09892
03185
09018
11967
07132
09408
11551
03699
06147
02301
08151
05532
06193
02564
10327
08705
10276
05872
00072
08466
09351
04571
04160
12899
00110
04101
04566
06578
06611
10575
10148
11298
00719
08124
00677
01653
10972
02085
02094
10190
01365
06836
02929
03167
05399
12686
06226
08914
11264
13470
13356
08573
00528
07255
10921
08974
08870
00047
07932
12670
06853
09768
01314
07986
07206
06601
06919
13319
09568
00966
00494
05600
12349
00751
11330
00848
07492
03796
04200
01886
05022
12348
10453
10714
05085
04900
07594
01514
04022
03246
06460
02378
13040
05005
08853
00158
11648
12257
12389
13447
11000
01897
10776
01616
13133
03947
03885
01658
04493
04212
10090
12409
13141
10331
03659
01743
02626
10805
05576
11500
10859
02697
08663
01681
10014
05041
13336
12285
09296
01482
11599
03574
03362
10450
06623
04636
06170
07542
00632
11335
01110
06962
05798
05468
12225
09813
02350
11400
07304
04211
03129
10626
07560
04097
02421
08105
07732
08670
10427
06752
00870
10702
05617
09617
11012
02168
05828
11246
04563
02826
06844
06757
02414
05622
01520
08579
06262
05710
07268
10198
01555
06957
01015
03292
08718
05989
08516
12288
02586
10765
08742
10218
09209
08488
01466
02362
12509
01705
05548
09229
04437
10800
05449
07964
04184
08834
01973
10050
01890
09655
02731
02393
07414
10194
08108
10200
08361
11447
10456
11594
08231
09314
13315
07593
11773
06136
01168
04012
06074
00844
10241
03854
02435
13546
08802
02349
07240
06338
12641
08957
07794
03010
08286
02729
11869
07234
09422
11920
12012
03663
03149
03455
08276
09510
03862
08558
02225
10205
11319
03107
11937
09061
08960
04224
13238
07970
01368
01701
07557
11256
06888
06369
09390
00177
01763
09901
11987
09840
02568
03140
05761
10139
10494
00244
04244
11679
08757
07578
08236
06095
03157
08971
02851
10347
11247
11178
04823
04053
00029
05425
06066
10905
04427
12878
10104
01157
07380
03338
03703
01191
08182
00765
12300
11283
00443
12266
00126
00139
11008
01434
07643
12802
10949
06153
00791
12711
02828
01850
10933
00331
01896
01159
04227
10333
00965
08402
09376
12307
00849
01885
06051
03685
13015
09003
03681
02538
06027
12892
09029
08847
06887
07383
02136
02317
10679
06093
09434
00210
12414
08750
09972
03963
06554
08603
04952
03385
01453
11193
10520
01173
09613
03645
05643
07544
05770
13642
12175
12258
08350
11188
05038
02612
05235
12111
13518
06053
01746
10437
00389
05473
04519
03543
06778
00442
10130
12158
07769
11094
11896
00104
01123
01661
13213
06205
13139
04967
09843
04333
07269
05917
08246
02970
07409
10418
05136
06342
03720
04092
05552
12090
12443
03915
09239
04254
00426
09607
01892
06745
04401
07783
10842
01410
08840
12903
02386
00667
12648
04408
00646
03766
06195
07869
00611
05144
00479
01227
10170
06644
00886
10644
06048
06247
04403
12977
08611
12467
10338
01647
01935
07567
01337
13309
06885
01583
08109
05640
00456
13378
10639
09221
06826
00807
12386
00525
07029
07170
03675
10251
11592
01818
06726
03083
10163
07289
03061
01435
01611
09451
04100
03030
05414
08049
04836
06036
03637
10113
00042
01172
01254
00512
08213
02270
09033
09630
09727
00223
12536
02751
11467
12595
06555
07894
06006
05455
07291
06516
13236
01369
11635
05563
11839
12088
08675
03239
10501
09808
08023
06142
00568
00724
09247
06028
05403
10560
07522
08299
02457
10422
03530
05567
00534
13355
10426
11274
02185
11308
04502
01164
05975
11273
04458
03449
10767
03679
05289
08061
09211
07458
01102
04152
12511
00881
11983
03015
06031
11336
11040
01575
11105
05557
08939
05190
05809
00128
11489
08992
05992
08015
12401
10482
09185
09432
13497
08904
05305
04388
07439
07030
09769
02086
13353
02622
05737
00296
08970
05657
08180
10883
08131
09445
05877
03035
01393
07241
07213
06315
06261
09576
11833
08565
05831
07176
05196
08809
09402
02842
13412
00261
11433
11340
03858
09467
10636
07173
11801
01446
07507
02213
06231
00046
02963
06760
04783
03688
01460
02905
00323
06816
07209
11485
06096
08271
00308
06579
09648
02109
05258
10371
04106
07953
13504
07074
00806
06963
12284
05100
08871
08912
03064
03783
11327
05654
08941
07654
00387
09440
10495
03077
11185
12490
01561
03434
10749
10635
11775
12721
09553
05000
06556
05049
11044
06588
01294
10529
02595
02403
04357
00805
04494
00776
08829
13618
12779
01235
08972
10296
06113
03491
04163
09283
10854
09948
06616
10572
08255
09193
04247
03855
02415
06874
13328
10067
11608
03929
06921
08587
04755
06685
13202
06782
12398
11815
08083
07865
01784
13144
12289
02800
09081
08196
02280
06586
09366
07833
12131
10140
06143
00501
01125
01860
03634
09415
05810
01145
03081
02088
06927
07824
00506
13335
06861
01965
02460
03024
00603
04936
10038
04432
06165
05334
09448
04443
13137
06780
06643
11350
01986
03844
03719
05873
02065
09098
05520
10539
10964
02235
03413
05512
12215
07685
13200
02707
04504
03551
05134
02962
09777
00744
11390
13596
04029
08188
10681
05703
10794
13601
05083
04215
09633
09346
10623
01061
07047
06365
10379
00200
08511
04257
02152
10328
10099
05373
09344
06496
10464
08064
12519
11203
07501
11277
10631
00427
00567
10932
11316
12113
05254
01704
04422
09240
00662
08185
02893
13027
01215
08772
08567
08063
11194
03175
05979
06304
04947
03082
00633
07479
04587
01644
12419
11614
04377
05744
08745
01502
00160
12987
04927
10958
00217
05774
00263
04855
01262
11037
12232
11829
00011
04558
07512
06445
04513
07377
03902
07980
13508
07251
12859
02153
08347
08272
07606
09219
11514
04939
00639
12155
07855
02459
07186
07978
10887
11431
02549
10774
09170
01797
00176
10428
10835
11871
10222
10584
11001
04449
06703
11844
12047
05848
08638
00344
11997
05042
13342
10390
03544
09561
02609
12731
07602
12890
07820
09203
11729
04781
07570
11378
09860
04399
11236
11377
06073
12606
10920
06399
04664
05698
05889
06758
09454
03687
08879
13436
02902
02708
00133
12350
05581
13453
03517
07931
04536
01093
09940
00472
05421
12702
06462
04737
11580
01728
09726
02569
02272
03904
11002
07618
07019
12168
09996
09606
09295
06325
12542
10011
04400
05615
06706
06597
11181
03695
05775
01827
03112
01551
04079
13227
08998
05804
12788
04397
06557
13086
01899
12427
03076
08418
13275
13274
06698
02250
02625
00500
13622
03094
11347
04180
00553
11974
08464
12518
07091
11553
03454
01882
05717
02123
05659
02080
01322
04841
08190
01522
13258
04843
07664
03265
03139
04313
07260
01440
01872
07768
02411
00270
07004
02552
11242
11100
10295
02555
12010
12136
12930
08217
01456
03606
07536
09761
08550
09681
07098
04270
09677
06812
07815
08157
07235
04299
12881
00766
07374
09622
03003
10510
04248
10268
07247
00371
01683
00932
08812
09650
06969
09954
10927
10254
07425
12742
04019
05712
11355
00818
10125
01609
07530
08906
05315
00415
05172
10403
11720
11911
05885
01526
01801
11684
01600
01463
09537
06357
01952
12532
01580
01070
12397
06507
13442
04677
05583
06711
00481
02641
05731
05518
00722
01903
10612
07688
05487
09459
01543
12986
08743
03734
11821
09042
08173
13004
09025
11590
03722
03229
05802
05034
02206
10553
06355
09583
01321
07793
04614
03585
08494
00251
04044
10869
04971
04110
03886
01645
04792
04872
10599
00675
03269
00949
07856
09746
06942
09547
12014
03343
06401
00605
01175
06916
06062
13619
13125
03812
07079
03757
06275
04411
07375
01220
04207
10349
08038
10603
09861
12376
04264
03674
11093
03219
08474
02478
08311
02563
11948
11225
00999
05099
04580
13039
01749
06123
04341
13065
05919
03558
09473
01121
09222
00232
09757
03186
01078
03123
10673
09539
01494
11787
11223
12318
04785
03357
08774
06050
00301
05955
02702
11425
11893
11875
05361
02495
02719
00527
10769
02853
10874
08355
07798
13631
09864
06306
03542
05537
09590
09936
00416
03026
06827
11552
07496
02945
01144
04474
01569
08898
04564
11544
13376
09252
06538
03482
10274
03880
00921
06014
09493
04376
10484
12587
13609
06044
12560
08920
08263
06154
07090
09875
08713
10999
00119
12357
09723
07503
12989
11180
01618
03060
12928
01236
11268
04465
01209
08613
01013
07294
03121
08983
01854
12038
03510
13308
01866
10237
08169
12772
11793
05462
01590
12144
09104
03135
07875
05392
04762
07568
05684
11764
07485
11549
06518
06869
01024
05239
01405
03303
10828
11171
07066
04906
00283
09744
05986
13627
11931
07569
00088
05636
03201
05116
05834
08293
10537
00230
03334
12765
00967
00023
00303
02845
01579
05096
11649
03601
05852
09856
04201
02643
07188
06225
11289
03614
09059
12017
03001
07413
12413
03461
08541
09131
10778
02209
04555
07580
08572
00699
03557
05764
04475
06988
07052
11035
04539
02660
03442
12489
09491
00279
04373
09704
01528
02992
04838
12159
13235
07830
05078
02275
11972
02768
08769
08582
10293
10832
12535
12031
06754
04886
02338
09581
10393
11639
09006
11880
08228
06567
00470
09672
00003
07554
00693
05639
02999
02191
03234
04171
08940
11166
05066
02007
07478
00086
06339
00038
04258
02941
07810
06667
05771
09898
10760
13157
08916
12491
04680
03945
00691
08771
13281
11763
04149
06230
07549
03638
07475
03033
05936
04649
02805
03992
06328
01075
08089
05875
02504
06341
13423
13016
00569
01673
09725
01243
08436
04147
08469
09794
08316
07837
00717
11318
06290
10360
12052
01355
00238
01833
04542
08624
08091
00707
01074
10690
10998
07172
10556
03146
05452
12431
11682
09754
00634
13114
05596
06099
08160
11859
07920
00890
03941
07818
04770
09000
02445
01109
03648
07729
00054
10334
06254
02873
09992
05387
06591
00695
04977
13364
02616
07006
11601
06936
05310
10282
11809
07226
05430
10098
08253
11768
11112
13304
02814
12244
00499
11170
08366
02158
02896
09385
07638
04056
02375
04851
02944
02559
05538
08604
02624
02019
12006
10843
10513
01375
13214
11677
04500
04579
05053
06309
00079
05260
02924
13554
12674
00503
00763
01839
09907
00429
09825
12871
07104
05467
12976
05627
11122
13402
06420
00163
10688
10299
07670
11939
09833
02263
05678
02645
11124
01481
11650
05837
03995
07480
06288
09998
00837
06166
09795
02289
02313
10116
03782
12021
00946
05572
03956
01753
03670
11414
08456
13535
11172
09854
08306
08041
04310
05856
09715
09469
06317
03599
06235
07034
10185
00488
04959
10147
08384
12297
04237
06233
06159
11382
00346
05349
03903
06297
09649
07225
12517
12612
09733
02948
01241
09487
08709
05119
01280
01574
05388
07381
02966
07796
05043
00551
12886
09004
13547
09379
00563
01902
03414
01054
06105
11177
04429
05325
01958
08528
01207
11508
11207
05929
01813
11853
03266
01003
13022
08455
09827
08369
09751
06600
03029
09508
00181
03472
01862
01847
06534
13083
07020
01680
04323
05618
06846
11196
12964
09446
07319
06479
00288
08170
08102
09872
06907
06926
01806
02048
08463
08433
10701
08945
06655
07155
13581
13495
00066
05446
10634
07574
04046
08181
11848
03923
08938
12558
02512
12274
04276
06935
10867
11581
02566
12058
09102
00842
01920
10730
12395
00366
13400
12055
11131
05756
13435
11577
02425
02837
09731
05819
06217
03889
00390
08810
03178
03263
02562
12555
04259
09918
04751
07524
03856
11379
09828
13585
11430
01208
06035
13480
09738
09476
00957
05533
04358
04925
12622
11609
09818
02167
11976
13388
13580
04080
13389
00701
02334
02825
12919
03704
03763
08224
13203
09545
05523
04320
08980
09128
04840
10123
05527
10193
10962
12125
02268
02548
10202
13047
12223
03144
12163
10810
02253
13082
06526
07900
10162
00644
00530
06432
08905
09999
07752
10918
10981
05781
00579
02475
08247
09398
08585
01651
07905
11004
00075
13149
13330
07653
13577
07615
00058
03212
04407
06951
11969
01570
09660
03580
10751
04030
03453
05569
01267
06910
10284
12360
11383
09987
03023
06250
12895
06727
10236
05171
12651
00280
12352
02137
05671
12425
08524
03290
11251
01534
06176
10987
10207
05787
06615
07498
05635
01844
04951
13110
00783
09850
02883
01517
00736
05391
06380
08846
08888
11989
05950
04406
05141
12292
01573
07332
13244
05887
10589
08964
03729
06830
07272
06560
08278
02075
02980
02946
07387
07083
04830
01734
02423
00914
10061
05719
01898
09455
08174
10629
12195
02166
09418
05231
09117
05242
00636
06834
03312
12367
04972
01566
04869
10855
01273
11060
10442
02871
07296
07684
09162
09662
09610
05702
07194
05432
04170
00843
08994
00874
12385
05294
05827
02197
00549
01303
03247
09572
06058
07545
01987
11837
00332
12842
01428
12083
04549
10303
09653
04345
07942
12629
02651
02011
01480
12098
07216
05442
03452
02654
08832
09267
09671
00407
00049
01442
07045
04705
13256
01957
10032
10750
09334
00521
06160
02039
07975
10452
08859
12364
08732
08606
09529
07934
00087
07693
06587
08817
04150
00026
01419
06034
12533
02575
10018
10675
06626
05954
12795
12042
10841
02072
11226
12843
06376
12102
07634
00030
07582
03105
00955
07352
08396
01329
13614
03408
07968
00628
07273
13597
05588
08780
09969
13489
08597
06684
09423
10862
11371
08591
09509
07368
01821
10417
08068
12776
06345
04273
11317
12226
08484
11066
03103
08088
10411
10358
09439
00220
11387
12684
03971
10441
05729
04970
06641
09214
05094
07473
04678
11204
09426
11334
09130
12559
05456
13584
03349
08018
02760
06841
11901
09965
02628
05851
03458
06298
13245
08085
07661
01994
01140
12051
00913
11212
12756
03532
03480
06383
10579
09521
07067
03823
09293
11932
08362
04138
01310
08557
06639
12227
03500
06693
07699
01686
12751
05795
02063
10978
00710
03610
13541
03799
13648
05017
06759
02507
09494
08208
11576
04889
11663
01690
12938
03145
08900
07636
00092
08929
10795
00010
05324
05661
09166
03527
00856
06918
01374
10669
02819
08258
12609
06676
00363
13426
08300
10870
05866
04590
01069
00610
07744
05845
04457
13377
06662
00243
12943
06063
09082
07421
13404
02176
00370
00629
12887
11074
08954
12123
08665
10383
12481
06901
10829
13260
03774
06773
01731
12623
10959
03997
10866
07700
01814
05789
03404
03360
01581
11910
03463
06803
03581
11082
08778
13420
10354
09896
07033
05174
07059
07163
02811
02720
04167
03505
10652
02035
07274
11263
00347
02661
12169
13067
13085
01567
01409
10356
09689
09639
13615
06620
12514
06064
09963
10429
08959
11029
13017
09945
02817
12366
01659
08090
03628
10068
05713
05016
10646
10526
01477
11054
02247
12404
12069
08368
01542
02908
09574
01747
10215
12192
07056
08715
13359
03053
01131
04445
10899
09691
13293
01118
04740
00222
11332
13634
10396
09250
03773
11208
13198
03742
05359
11830
00343
08149
10904
12408
00185
04695
12582
00377
02146
04891
03488
03549
07039
11437
12803
02392
09164
05926
01247
11153
03110
11155
01308
08545
03416
05921
00171
13187
12344
04087
02466
07897
09049
03924
02754
08298
03336
03698
04653
02638
07792
11259
11873
13571
00051
10780
00892
12075
06688
07228
12888
05048
10430
13449
08017
04480
04786
13179
10405
05526
10807
12722
03524
06390
12008
03736
03806
03152
05036
07930
00771
10605
00640
03388
06847
07695
11565
03275
12503
04697
10128
10058
13425
04129
04450
01696
03068
04747
08323
03289
12172
12983
03120
02278
07298
02104
05679
09544
13479
11786
10010
09190
03080
02874
01649
02914
00684
04467
08492
06242
10523
13365
06571
08618
09575
04720
00471
03439
00482
03268
04073
01758
13390
10567
11479
09139
08176
00436
02061
04473
06421
07576
03820
11994
10137
04024
02709
01317
09968
09333
09543
12450
01605
01560
12029
12616
04711
02027
11542
09297
04569
04904
03395
10581
00543
07860
07612
01933
01468
12460
08744
10089
10504
03142
00250
04280
03668
01210
02282
04287
05346
06087
05152
04742
11136
12372
09313
02556
00268
02940
04527
07130
05073
03817
02189
03608
12563
12110
09580
04724
03100
09255
07827
02831
06766
10337
03973
03190
00236
03533
09980
12759
04632
11962
08444
05281
03236
10298
04966
07382
09511
05238
00574
02584
03141
13617
11691
00812
04573
06137
05540
05701
06305
01006
03136
03935
00931
07707
02071
01155
06140
01147
07850
10625
13060
02912
12617
02105
02161
11343
12082
04884
10063
03559
02840
06400
07551
11323
01888
07842
09041
07405
05385
10291
09871
06756
12710
00829
08658
08602
12839
06485
12912
07941
06260
13180
08622
12177
07577
13428
08207
03387
06797
07627
13381
12598
10180
06363
04982
11059
07371
04331
08996
08471
01443
04008
09394
13276
12046
09994
11072
07162
13573
04214
01612
01452
03038
01732
12070
00101
11618
05941
00697
05274
11092
04554
05490
03671
07231
12748
12338
08487
05574
04745
03447
00152
04979
05428
08886
04405
00867
00981
04076
01117
07106
09262
05150
08716
08199
07929
03373
07754
10112
02947
04998
03410
01353
02452
03869
11409
01999
07497
05118
11742
04304
05056
07041
06492
02179
06433
11047
01306
04243
01730
11021
08163
08619
01964
