1580849640870
1580849643153
1580849645011
1580849646996
1580849648903
1580849650904
1580849652905
1580849654926
1580849656757
1580849658803
1580849660711
1580849662728
1580849664516
1580849666319
1580849668254
1580849670169
1580849673726
1580849675562
1580849677397
1580849679078
1580849680857
1580849682638
1580849684354
1580849686054
1580849687893
1580849689722
1580849691582
1580849693452
1580849695162
1580849696877
1580849698695
1580849700417
1580849704101
1580849705919
1580849707666
1580849709515
1580849711294
1580849713169
1580849714948
1580849716818
1580849718628
1580849720408
1580849722239
1580849724083
1580849726012
1580849727759
1580849729653
1580849731531
1580849735059
1580849736932
1580849738790
1580849740675
1580849742662
1580849744486
1580849746410
1580849748253
1580849750171
1580849760160
1580849762228
1580849764067
1580849765771
1580849767677
1580849769548
1580849771369
1580849671914
1580849702268
1580849733355
1580849773188
1580849804880
1580849837460
1580849871601
1580849931696
1580849980203
1580850028772
1580850088876
1580850133849
1580850177984
1580850221752
1580850276989
1580849774997
1580849776902
1580849778739
1580849780647
1580849782593
1580849784343
1580849786291
1580849788085
1580849789824
1580849791698
1580849793672
1580849795448
1580849797312
1580849799060
1580849801069
1580849802943
1580849806639
1580849808468
1580849810415
1580849812241
1580849814185
1580849816155
1580849818078
1580849819918
1580849821801
1580849823830
1580849825707
1580849827643
1580849829669
1580849831513
1580849833438
1580849835452
1580849839301
1580849841221
1580849843300
1580849845484
1580849847416
1580849849470
1580849851483
1580849853450
1580849855457
1580849857465
1580849859412
1580849861484
1580849863384
1580849865389
1580849867471
1580849869573
1580849873715
1580849889771
1580849892518
1580849895254
1580849898084
1580849901241
1580849903953
1580849906786
1580849909512
1580849912365
1580849915167
1580849917910
1580849920700
1580849923411
1580849926224
1580849928990
1580849934371
1580849937042
1580849940067
1580849942819
1580849945656
1580849948494
1580849951920
1580849954703
1580849957507
1580849960307
1580849963303
1580849966009
1580849968789
1580849971506
1580849974484
1580849977312
1580849982955
1580849986427
1580849989211
1580849992048
1580849995006
1580849997865
1580850000774
1580850003628
1580850006556
1580850009445
1580850012037
1580850014950
1580850017844
1580850020548
1580850023330
1580850026156
1580850031922
1580850034721
1580850037529
1580850040311
1580850043172
1580850045932
1580850048790
1580850051597
1580850054394
1580850057231
1580850072751
1580850075419
1580850078115
1580850080885
1580850083447
1580850086230
1580850091481
1580850094225
1580850096784
1580850099527
1580850102220
1580850104842
1580850107442
1580850110136
1580850112812
1580850115429
1580850118131
1580850120698
1580850123405
1580850126058
1580850128680
1580850131221
1580850136251
1580850138877
1580850141547
1580850144089
1580850146726
1580850149356
1580850151893
1580850154524
1580850157201
1580850159863
1580850162516
1580850165081
1580850167708
1580850170261
1580850172689
1580850175370
1580850180430
1580850183125
1580850185694
1580850188239
1580850190806
1580850193463
1580850195888
1580850198415
1580850201015
1580850203585
1580850206055
1580850208756
1580850211353
1580850213906
1580850216599
1580850219077
1580850224271
1580850226910
1580850241314
1580850243861
1580850246462
1580850249080
1580850251537
1580850253974
1580850256504
1580850259048
1580850261450
1580850264023
1580850266560
1580850269216
1580850271756
1580850274403
1580850279553
1580850282035
1580850284467
1580850287007
1580850289379
1580850291606
1580850294185
1580850297077
1580850299521
1580850302015
1580850304548
1580850306961
1580850309562
1580850311930
1580850314482
1580850316916
1580850321747
1580850324152
1580850326418
1580850328830
1580850331251
1580850333553
1580850335880
1580850338153
1580850340621
1580850343032
1580850345465
1580850347725
1580850349953
1580850352242
1580850354503
1580850356716
1580850361236
1580850363548
1580850365930
1580850368185
1580850370422
1580850372553
1580850374828
1580850377121
1580850379460
1580850381769
1580850384021
1580850401414
1580850404700
1580850408133
1580850413994
1580850417454
1580850424478
1580850428079
1580850431605
1580850435044
1580850438536
1580850441927
1580850445316
1580850448741
1580850452132
1580850455729
1580850459179
1580850462584
1580850466246
1580850469690
1580850473087
1580850476437
1580850483396
1580850486694
1580850490127
1580850493453
1580850496766
1580850499971
1580850503225
1580850506868
1580850510107
1580850513312
1580850516514
1580850519694
1580850522987
1580850526254
1580850529496
1580850532606
1580850538941
1580850542027
1580850545322
1580850548405
1580850551584
1580850554824
1580850557839
1580850561420
1580850564549
1580850567805
1580850571107
1580850574255
1580850577423
1580850580421
1580850583484
1580850586719
1580850592954
1580850596191
1580850601358
1580850612396
1580850614362
1580850616366
1580850618816
1580850620889
1580850622989
1580850625200
1580850627528
1580850629790
1580850632075
1580850634306
1580850636533
1580850638928
1580850643501
1580850645870
1580850648221
1580850650532
1580850652997
1580850655346
1580850657579
1580850660051
1580850662323
1580850664704
1580850667120
1580850669489
1580850671834
1580850674410
1580850676859
1580850679239
1580850684180
1580850686629
1580850689052
1580850691816
1580850694149
1580850696676
1580850699074
1580850701938
1580850704451
1580850707046
1580850709493
1580850712154
1580850714772
1580850717448
1580850720221
1580850722928
1580850728161
1580850730783
1580850733430
1580850736038
1580850738588
1580850741207
1580850743965
1580850746598
1580850749238
1580850751874
1580850754844
1580850757491
1580850770199
1580850772588
1580850774954
1580850777090
1580850781571
1580850783762
1580850786008
1580850788224
1580850790563
1580850792837
1580850794989
1580850797198
1580850799525
1580850801583
1580850803701
1580850805750
1580850807943
1580850810046
1580850812077
1580850814222
1580850819081
1580850821203
1580850823169
1580850825258
1580850827342
1580850829427
1580850831499
1580850833509
1580850835483
1580850837426
1580850839344
1580850841250
1580850843175
1580850845134
1580850847154
1580850849150
1580850853204
1580850855065
1580850856962
1580850859271
1580850861150
1580850863178
1580850865070
1580850867020
1580850868894
1580850870720
1580850872707
1580850874618
1580850876459
1580850878383
1580850880334
1580850882365
1580850886199
1580850887992
1580850889828
1580850892080
1580850908152
1580850910698
1580850913205
1580850915718
1580850918022
1580850920330
1580850922599
1580850924888
1580850927002
1580850929189
1580850931504
1580850933696
1580850938134
1580850940314
1580850942486
1580850944698
1580850946994
1580850949098
1580850951305
1580850953536
1580850955749
1580850958021
1580850960470
1580850962604
1580850964801
1580850966866
1580850969028
1580850971162
1580850975347
1580850977393
1580850979416
1580850981459
1580850983475
1580850985449
1580850987267
1580850989092
1580850991081
1580850992926
1580850994789
1580850996579
1580850998601
1580851000363
1580851002300
1580851004175
1580851007707
1580851009551
1580851011276
1580851013141
1580851014909
1580851016600
1580851018409
1580851020150
1580851021895
1580851023681
1580851025351
1580851027231
1580851029024
1580851043177
1580851046004
1580851048323
1580851053229
1580851055672
1580851058388
1580851060901
1580851063328
1580851065643
1580851067998
1580851070440
1580851072799
1580851075106
1580851077548
1580851079956
1580851082335
1580851084729
1580851087155
1580851089556
1580850359038
1580850420971
1580850479769
1580850535723
1580850589755
1580850641157
1580850681678
1580850725494
1580850779383
1580850816337
1580850851215
1580850884246
1580850935913
1580850973169
1580851005987
1580851094224
1580851096775
1580851099328
1580851101672
1580851104075
1580851106384
1580851108688
1580851110954
1580851113296
1580851115617
1580851118015
1580851120404
1580851122777
1580851125034
1580851127447
1580851129654
1580851134400
1580851136705
1580851139015
1580851141285
1580851143514
1580851145890
1580851148140
1580851150401
1580851152756
1580851155137
1580851157311
1580851159563
1580851161824
1580851164208
1580851166494
1580851168681
1580851173149
1580851175473
1580851177760
1580851180018
1580851182372
1580851193624
1580851195899
1580851197928
1580851200039
1580851202101
1580851204135
1580851206526
1580851208688
1580851210767
1580851212801
1580851214979
1580851219119
1580851221147
1580851223206
1580851225455
1580851227438
1580851229551
1580851231664
1580851233777
1580851235838
1580851237952
1580851240016
1580851242184
1580851244295
1580851246412
1580851248561
1580851250643
1580851254834
1580851257015
1580851259157
1580851261292
1580851263587
1580851265806
1580851267891
1580851270096
1580851272362
1580851274528
1580851276705
1580851278806
1580851280986
1580851283069
1580851285207
1580851287483
1580851291842
1580851293980
1580851296093
1580851298277
1580851300544
1580851302645
1580851304917
1580851307198
1580851309457
1580851311547
1580851313729
1580851315862
1580851318060
1580851320230
1580851336216
1580851339120
1580851344624
1580851347419
1580851350230
1580851353280
1580851355909
1580851358684
1580851361391
1580851364155
1580851366958
1580851370036
1580851372882
1580851375647
1580851378438
1580851381145
1580851383904
1580851386591
1580851392759
1580851396103
1580851399596
1580851403554
1580851407369
1580851411176
1580851414901
1580851418600
1580851422037
1580851425387
1580851428663
1580851432051
1580851435325
1580851438847
1580851442036
1580851445241
1580851451573
1580851454761
1580851457864
1580851460929
1580851463985
1580851467343
1580851470557
1580851473657
1580851476836
1580851479976
1580851483155
1580851486334
1580851489475
1580851492507
1580851495667
1580851498843
1580851504977
1580851508065
1580851513403
1580851516476
1580851519554
1580851522595
1580851532711
1580851534614
1580851536544
1580851538404
1580851540218
1580851544051
1580851545889
1580851547846
1580851549769
1580851551710
1580851555568
1580851557553
1580851559372
1580851561212
1580851563057
1580851565020
1580851566900
1580851568846
1580851570795
1580851572665
1580851574574
1580851576525
1580851578444
1580851580443
1580851582221
1580851584154
1580851587829
1580851589802
1580851591672
1580851593449
1580851595246
1580851597185
1580851599456
1580851601215
1580851603086
1580851604979
1580851606819
1580851608598
1580851610404
1580851612313
1580851614157
1580851615934
1580851619600
1580851621504
1580851623475
1580851625405
1580851627399
1580851629474
1580851631481
1580851633419
1580851635409
1580851637475
1580851639386
1580851641307
1580851643366
1580851645396
1580851647278
1580851660386
1580851665071
1580851667354
1580851669664
1580851672093
1580851674742
1580851677012
1580851679323
1580851681637
1580851684028
1580851686491
1580851688811
1580851691151
1580851693396
1580851695876
1580851698147
1580851700614
1580851705391
1580851707715
1580851710131
1580851712353
1580851714746
1580851717460
1580851719813
1580851722129
1580851724496
1580851726785
1580851729069
1580851731307
1580851733397
1580851735599
1580851737807
1580851739939
1580851744147
1580851746411
1580851748634
1580851751031
1580851753445
1580851755858
1580851758176
1580851760549
1580851762867
1580851765220
1580851767619
1580851770591
1580851772869
1580851775191
1580851777638
1580851779928
1580851782337
1580851091934
1580851131992
1580851170947
1580851217042
1580851252674
1580851289796
1580851341872
1580851389435
1580851448393
1580851501847
1580851553586
1580851585992
1580851617810
1580851662768
1580851703030
1580851786907
1580851789248
1580851791493
1580851793844
1580851796147
1580851798509
1580851807721
1580851809382
1580851811431
1580851813103
1580851814872
1580851816673
1580851818325
1580851820080
1580851821801
1580851823529
1580851825229
1580851829054
1580851830839
1580851832825
1580851834727
1580851836758
1580851838721
1580851840809
1580851843023
1580851845133
1580851847249
1580851849344
1580851851536
1580851853874
1580851856301
1580851858654
1580851860997
1580851863398
1580851868403
1580851871117
1580851873668
1580851876197
1580851878653
1580851881255
1580851883883
1580851886589
1580851889290
1580851892116
1580851894924
1580851897757
1580851900683
1580851903480
1580851906577
1580851909617
1580851912638
1580851919012
1580851922270
1580851925478
1580851928628
1580851931802
1580851934929
1580851937910
1580851941003
1580851944442
1580851947466
1580851950415
1580851953776
1580851968344
1580851970949
1580851973580
1580851976074
1580851978592
1580851983774
1580851986374
1580851988979
1580851991552
1580851994101
1580851996614
1580851999132
1580852001706
1580852004386
1580852006896
1580852009410
1580852012193
1580852014612
1580852017216
1580852019781
1580852022384
1580852025004
1580852030119
1580852032745
1580852035345
1580852037900
1580852040427
1580852043056
1580852045717
1580852048317
1580852050938
1580852053554
1580852056190
1580852058836
1580852061419
1580852064009
1580852066624
1580852069470
1580852071990
1580852077219
1580852079657
1580852082209
1580852084626
1580852087128
1580852089742
1580852092260
1580852094791
1580852097474
1580852100097
1580852102589
1580852105136
1580852107739
1580852110218
1580852112887
1580852115449
1580852118078
1580852135248
1580852137714
1580852140323
1580852142883
1580852145357
1580852147921
1580852150360
1580852153001
1580852155583
1580852158248
1580852160802
1580852163291
1580852165742
1580852168279
1580852170904
1580852173504
1580852176029
1580852181102
1580852183677
1580852186079
1580852188587
1580852191109
1580852193585
1580852196085
1580852198596
1580852201196
1580852203816
1580852206427
1580852208851
1580852211475
1580852214168
1580852216781
1580852219323
1580852224396
1580852226877
1580852229378
1580852231758
1580852234378
1580852236953
1580852239495
1580852241933
1580852244527
1580852247088
1580852249655
1580852252200
1580852254779
1580852257665
1580852260205
1580852262838
1580852267898
1580852270485
1580852273111
1580852275589
1580852278164
1580852281100
1580852283567
1580852286031
1580852301028
1580852303985
1580852306585
1580852309284
1580852311923
1580852314569
1580852317093
1580852319808
1580852325046
1580852327760
1580852330407
1580852333112
1580852335770
1580852338336
1580852340980
1580852343904
1580852346568
1580852349182
1580852351702
1580852354184
1580852356785
1580852359769
1580852362313
1580852365015
1580852370423
1580852373035
1580852375591
1580852378199
1580852380886
1580852383583
1580852386132
1580852388630
1580852391629
1580852394217
1580852396904
1580852399645
1580852402199
1580852404875
1580852407592
1580852410138
1580852415409
1580852418056
1580852420607
1580852423341
1580852426004
1580852428637
1580852431289
1580852433977
1580852436592
1580852439158
1580852441782
1580852444451
1580852447113
1580852449796
1580852452482
1580852455074
1580852475363
1580852478470
1580852481528
1580852484532
1580852487498
1580852490615
1580852493666
1580852496743
1580852500022
1580852503036
1580852505991
1580852508963
1580852512019
1580852515049
1580852518024
1580852521026
1580852526937
1580852529980
1580852532899
1580852535977
1580852552485
1580852555406
1580852558341
1580852561320
1580852564327
1580852567350
1580852570352
1580852573344
1580852576437
1580852579353
1580852582338
1580852585369
1580851784627
1580851827077
1580851865979
1580851915834
1580851981150
1580852027535
1580852074670
1580852120724
1580852178587
1580852221816
1580852265331
1580852322409
1580852367722
1580852412780
1580852457920
1580850319324
1580851050767
1580851742047
1580852523914
1580853275089
1580853923417
1580854524342
1580855241479
1580855944435
1580856605935
1580857456966
1580858166106
1580858870418
1580852591470
1580852594526
1580852597920
1580852601043
1580852604095
1580852607340
1580852610367
1580852613570
1580852616752
1580852619832
1580852623047
1580852626131
1580852629295
1580852632298
1580852635413
1580852638874
1580852645142
1580852648317
1580852651358
1580852654464
1580852657541
1580852660691
1580852663674
1580852666668
1580852669659
1580852679831
1580852682076
1580852684020
1580852685925
1580852687897
1580852689878
1580852691753
1580852695782
1580852697729
1580852699703
1580852701670
1580852703692
1580852705687
1580852707722
1580852709809
1580852712004
1580852714125
1580852716238
1580852718444
1580852720661
1580852722874
1580852725155
1580852727505
1580852732344
1580852734579
1580852736908
1580852739456
1580852741556
1580852743875
1580852746224
1580852748474
1580852750843
1580852753310
1580852755771
1580852758144
1580852760593
1580852762902
1580852765291
1580852767710
1580852772342
1580852774709
1580852777097
1580852779431
1580852781976
1580852784380
1580852786894
1580852789281
1580852791701
1580852794171
1580852796550
1580852799071
1580852801437
1580852803830
1580852806297
1580852808664
1580852813605
1580852823738
1580852825594
1580852827400
1580852829339
1580852831116
1580852832877
1580852834701
1580852836534
1580852838342
1580852840263
1580852842063
1580852843995
1580852845759
1580852847573
1580852849349
1580852853319
1580852855005
1580852856848
1580852858591
1580852860407
1580852862113
1580852863941
1580852865731
1580852867397
1580852869078
1580852870895
1580852872563
1580852874264
1580852875908
1580852877675
1580852879379
1580852883029
1580852884897
1580852886701
1580852888513
1580852890466
1580852892202
1580852893905
1580852895764
1580852897615
1580852899489
1580852901222
1580852902977
1580852904825
1580852906526
1580852908372
1580852910282
1580852913798
1580852915662
1580852917426
1580852919094
1580852920848
1580852922713
1580852924451
1580852926137
1580852927982
1580852929769
1580852950438
1580852954129
1580852957766
1580852961344
1580852964937
1580852968434
1580852975695
1580852979152
1580852982717
1580852986344
1580852990027
1580852993556
1580852997161
1580853000807
1580853004513
1580853008170
1580853011856
1580853015495
1580853019110
1580853022635
1580853026192
1580853029828
1580853036862
1580853040726
1580853044249
1580853047882
1580853051422
1580853054951
1580853058492
1580853062181
1580853065760
1580853069324
1580853073168
1580853076696
1580853080245
1580853084128
1580853087715
1580853091371
1580853098799
1580853102480
1580853106200
1580853109778
1580853113484
1580853117069
1580853120649
1580853124323
1580853128015
1580853131506
1580853135047
1580853138893
1580853142614
1580853146184
1580853149897
1580853153405
1580853160650
1580853164323
1580853175766
1580853178152
1580853180196
1580853182407
1580853184531
1580853186587
1580853188829
1580853190806
1580853192927
1580853195046
1580853197152
1580853199297
1580853201259
1580853203361
1580853207367
1580853209502
1580853211708
1580853213884
1580853216026
1580853218084
1580853220120
1580853222264
1580853224230
1580853226300
1580853228345
1580853230469
1580853232413
1580853234472
1580853236531
1580853238685
1580853242619
1580853244681
1580853247011
1580853249006
1580853251033
1580853252927
1580853254800
1580853256816
1580853258874
1580853260870
1580853262937
1580853264889
1580853266862
1580853268894
1580853270969
1580853273068
1580853277067
1580853279089
1580853281062
1580853282985
1580853284949
1580853286949
1580853289223
1580853291280
1580853293415
1580853295384
1580853297465
1580853311318
1580853313880
1580853316413
1580853318894
1580853321292
1580852588323
1580852642001
1580852693765
1580852729909
1580852769999
1580852811101
1580852851293
1580852881224
1580852912028
1580852972126
1580853033394
1580853095169
1580853157016
1580853205355
1580853240642
1580853326288
1580853328829
1580853331369
1580853333817
1580853336347
1580853338909
1580853341438
1580853344020
1580853346442
1580853348893
1580853351420
1580853353979
1580853356404
1580853358912
1580853361284
1580853363806
1580853368802
1580853371351
1580853373954
1580853376389
1580853378919
1580853381427
1580853383893
1580853386348
1580853388816
1580853391058
1580853393422
1580853395706
1580853397950
1580853400221
1580853402541
1580853404900
1580853409520
1580853411702
1580853413946
1580853416226
1580853418420
1580853420773
1580853423088
1580853425338
1580853427633
1580853429900
1580853432054
1580853434216
1580853436489
1580853438772
1580853440904
1580853443114
1580853447380
1580853449708
1580853451825
1580853465283
1580853467758
1580853470001
1580853472420
1580853474720
1580853477193
1580853479525
1580853481808
1580853484293
1580853486696
1580853489165
1580853491515
1580853493817
1580853498529
1580853500772
1580853503157
1580853505622
1580853508016
1580853510416
1580853512880
1580853515310
1580853517728
1580853520139
1580853522562
1580853524996
1580853527327
1580853529806
1580853532132
1580853534509
1580853539454
1580853541759
1580853544158
1580853546429
1580853548834
1580853551198
1580853553576
1580853555819
1580853558116
1580853560381
1580853562674
1580853565012
1580853567345
1580853569625
1580853571959
1580853574279
1580853578904
1580853581131
1580853583483
1580853585669
1580853587990
1580853590235
1580853592507
1580853594902
1580853597040
1580853599365
1580853601647
1580853603899
1580853614448
1580853616614
1580853618492
1580853620387
1580853624063
1580853626055
1580853627941
1580853629922
1580853631728
1580853633723
1580853635654
1580853637527
1580853639518
1580853641415
1580853643327
1580853645236
1580853647162
1580853649027
1580853650946
1580853652897
1580853656751
1580853658629
1580853660578
1580853662534
1580853664515
1580853666330
1580853668275
1580853670086
1580853671975
1580853673860
1580853675818
1580853677743
1580853679685
1580853681586
1580853683455
1580853685306
1580853689197
1580853691084
1580853692945
1580853694755
1580853696681
1580853698447
1580853700422
1580853702220
1580853704106
1580853705934
1580853707858
1580853709753
1580853711591
1580853713444
1580853715309
1580853717230
1580853721036
1580853722911
1580853724744
1580853726549
1580853739989
1580853742230
1580853744428
1580853746626
1580853748800
1580853751000
1580853753189
1580853755515
1580853757663
1580853759839
1580853762118
1580853764306
1580853768800
1580853770934
1580853773219
1580853775527
1580853777646
1580853779964
1580853782258
1580853784433
1580853786578
1580853788891
1580853791135
1580853793346
1580853795692
1580853797984
1580853800180
1580853802299
1580853806761
1580853808973
1580853811155
1580853813273
1580853815417
1580853817591
1580853819705
1580853821903
1580853824093
1580853826219
1580853828326
1580853830614
1580853832869
1580853835032
1580853837079
1580853839358
1580853843517
1580853845889
1580853847967
1580853850047
1580853852149
1580853854264
1580853856373
1580853858525
1580853860648
1580853862822
1580853865021
1580853867289
1580853869510
1580853881177
1580853883381
1580853885351
1580853889595
1580853891656
1580853893693
1580853895750
1580853897782
1580853899871
1580853901959
1580853903954
1580853906149
1580853908415
1580853910619
1580853912770
1580853914871
1580853916949
1580853919185
1580853921217
1580853925551
1580853927705
1580853929817
1580853931850
1580853933876
1580853935974
1580853938047
1580853940170
1580853942381
1580853944434
1580853946493
1580853948549
1580853950588
1580853952662
1580853954732
1580853956899
1580853323734
1580853366308
1580853407187
1580853445273
1580853496195
1580853536943
1580853576673
1580853622247
1580853654755
1580853687248
1580853719174
1580853766566
1580853804476
1580853841435
1580853887530
1580853961040
1580853963113
1580853965097
1580853967149
1580853969247
1580853971272
1580853973303
1580853975590
1580853977648
1580853979717
1580853981809
1580853983848
1580853986032
1580853988199
1580853990246
1580853992440
1580853996547
1580853998676
1580854000772
1580854002972
1580854005169
1580854014991
1580854016803
1580854018592
1580854020263
1580854021891
1580854023730
1580854025533
1580854027239
1580854028963
1580854030667
1580854032313
1580854035782
1580854037480
1580854039201
1580854040833
1580854042552
1580854044255
1580854046048
1580854047734
1580854049556
1580854051441
1580854053308
1580854055209
1580854057065
1580854058937
1580854060973
1580854062694
1580854066609
1580854068649
1580854070618
1580854072645
1580854074617
1580854076617
1580854078569
1580854080527
1580854082436
1580854084389
1580854086275
1580854088204
1580854090108
1580854092038
1580854094106
1580854095923
1580854099756
1580854101550
1580854103323
1580854105068
1580854106716
1580854108525
1580854110268
1580854112121
1580854113854
1580854115553
1580854117300
1580854119024
1580854120843
1580854122529
1580854132707
1580854134723
1580854138724
1580854140588
1580854142315
1580854144113
1580854145928
1580854147732
1580854149632
1580854151582
1580854153377
1580854155215
1580854157223
1580854159149
1580854160974
1580854162970
1580854164909
1580854166839
1580854170644
1580854172542
1580854174312
1580854176266
1580854178142
1580854180082
1580854182088
1580854184078
1580854185941
1580854188005
1580854189973
1580854191879
1580854193841
1580854195628
1580854197605
1580854199553
1580854203327
1580854205152
1580854207004
1580854208935
1580854210904
1580854212898
1580854214859
1580854216685
1580854218410
1580854220302
1580854222195
1580854224138
1580854225970
1580854227852
1580854229727
1580854231713
1580854235559
1580854237398
1580854239309
1580854241168
1580854242951
1580854244835
1580854260584
1580854263393
1580854266249
1580854268954
1580854271732
1580854274453
1580854277107
1580854279951
1580854282673
1580854285390
1580854290843
1580854293603
1580854296322
1580854299406
1580854302183
1580854304944
1580854307555
1580854310367
1580854313172
1580854316009
1580854318715
1580854321493
1580854324316
1580854327232
1580854330012
1580854332867
1580854338497
1580854341569
1580854344326
1580854347069
1580854349874
1580854353185
1580854355975
1580854358761
1580854361526
1580854364300
1580854367034
1580854369724
1580854372526
1580854375198
1580854377951
1580854380622
1580854386073
1580854388905
1580854391725
1580854394432
1580854397344
1580854400243
1580854403104
1580854405893
1580854408667
1580854411474
1580854414252
1580854417107
1580854419830
1580854422576
1580854425264
1580854433395
1580854436839
1580854438491
1580854440111
1580854441745
1580854443319
1580854445105
1580854446870
1580854448502
1580854450174
1580854451836
1580854453436
1580854455181
1580854456781
1580854458469
1580854460179
1580854461732
1580854464851
1580854466421
1580854468010
1580854469733
1580854471484
1580854473185
1580854474804
1580854476461
1580854478234
1580854479984
1580854482058
1580854483717
1580854485443
1580854487227
1580854488903
1580854490683
1580854494177
1580854496106
1580854497805
1580854499730
1580854501457
1580854503312
1580854505233
1580854507199
1580854509012
1580854510859
1580854512628
1580854514413
1580854516370
1580854518226
1580854520253
1580854522273
1580854526371
1580854528438
1580854530292
1580854532135
1580854534236
1580854536161
1580854538220
1580854547135
1580854549070
1580854550917
1580854552711
1580854554598
1580854556298
1580854557891
1580854559726
1580854561516
1580854563256
1580853959081
1580853994519
1580854034145
1580854064551
1580854097808
1580854136886
1580854168796
1580854201360
1580854233641
1580854288199
1580854335671
1580854383261
1580854435210
1580854463280
1580854492321
1580854566726
1580854568472
1580854570167
1580854572019
1580854573871
1580854575751
1580854577542
1580854579406
1580854581109
1580854582908
1580854584723
1580854586654
1580854588552
1580854590429
1580854592245
1580854594123
1580854596200
1580854600078
1580854601988
1580854604026
1580854606091
1580854608253
1580854610351
1580854612323
1580854614436
1580854616570
1580854618538
1580854620432
1580854622445
1580854624501
1580854626478
1580854628373
1580854630225
1580854632293
1580854636186
1580854638167
1580854640110
1580854642195
1580854644160
1580854645998
1580854647978
1580854649836
1580854651787
1580854653649
1580854655648
1580854657528
1580854659540
1580854669837
1580854671709
1580854673847
1580854675691
1580854679532
1580854681428
1580854683320
1580854685235
1580854687242
1580854688997
1580854690930
1580854692939
1580854694827
1580854696762
1580854698774
1580854700508
1580854702367
1580854704259
1580854706087
1580854708098
1580854711935
1580854713981
1580854715958
1580854717782
1580854719632
1580854721529
1580854723331
1580854725266
1580854727078
1580854729024
1580854730896
1580854732870
1580854734740
1580854736766
1580854738723
1580854740628
1580854744225
1580854746173
1580854747936
1580854749680
1580854751552
1580854753479
1580854755269
1580854757033
1580854758968
1580854760942
1580854762841
1580854764602
1580854766405
1580854768171
1580854770074
1580854771861
1580854775284
1580854777074
1580854778900
1580854780704
1580854799849
1580854805166
1580854808477
1580854811891
1580854815325
1580854818632
1580854821863
1580854825074
1580854828448
1580854831738
1580854835087
1580854838470
1580854845169
1580854848928
1580854852390
1580854855753
1580854859059
1580854862490
1580854865689
1580854869009
1580854872337
1580854875618
1580854878817
1580854882231
1580854885857
1580854889115
1580854892551
1580854895786
1580854902323
1580854905695
1580854909059
1580854912382
1580854915803
1580854919158
1580854922511
1580854925999
1580854929350
1580854932625
1580854935987
1580854939196
1580854942569
1580854945916
1580854949204
1580854952520
1580854959345
1580854962649
1580854965960
1580854969239
1580854972517
1580854975873
1580854979085
1580854982356
1580854985671
1580854988890
1580854992138
1580854995654
1580854999074
1580855009686
1580855011524
1580855013836
1580855017825
1580855019835
1580855021880
1580855023734
1580855025572
1580855027550
1580855029533
1580855031409
1580855033495
1580855035458
1580855037558
1580855039357
1580855041417
1580855043272
1580855045207
1580855047129
1580855051008
1580855053015
1580855054967
1580855056814
1580855058791
1580855060770
1580855062790
1580855064754
1580855066770
1580855068662
1580855070578
1580855072483
1580855074390
1580855076416
1580855078430
1580855080545
1580855084501
1580855086495
1580855104555
1580855106533
1580855108469
1580855110393
1580855112259
1580855114188
1580855116291
1580855118265
1580855120331
1580855122321
1580855124322
1580855126326
1580855128302
1580855130215
1580855134058
1580855136071
1580855138127
1580855140093
1580855142100
1580855158544
1580855161388
1580855166496
1580855169335
1580855172133
1580855174911
1580855177840
1580855180616
1580855183495
1580855186317
1580855189201
1580855194779
1580855197590
1580855200600
1580855203508
1580855206364
1580855209331
1580855212166
1580855215647
1580855218482
1580855221376
1580855224086
1580855226913
1580855229809
1580855232681
1580855235698
1580855238615
1580855244301
1580855247148
1580855250014
1580855253052
1580855255933
1580855258622
1580855261588
1580855264279
1580855267136
1580855269958
1580855272764
1580855275511
1580855278357
1580855281160
1580855283999
1580855286813
1580854564921
1580854597992
1580854634187
1580854677547
1580854710073
1580854742459
1580854773559
1580854841833
1580854899018
1580854955898
1580855015814
1580855049165
1580855082418
1580855132115
1580855192001
1580855292469
1580855295423
1580855298201
1580855301170
1580855304130
1580855307070
1580855309792
1580855312673
1580855316097
1580855319058
1580855321819
1580855324636
1580855327506
1580855330237
1580855338663
1580855340239
1580855343404
1580855344971
1580855346537
1580855348130
1580855349745
1580855351370
1580855353013
1580855354658
1580855356270
1580855357987
1580855359746
1580855361378
1580855363139
1580855364720
1580855366279
1580855367827
1580855371100
1580855372691
1580855374218
1580855375854
1580855377353
1580855378877
1580855380562
1580855382154
1580855383790
1580855385329
1580855387088
1580855388633
1580855390180
1580855391793
1580855393573
1580855395185
1580855398383
1580855400180
1580855401924
1580855403721
1580855405507
1580855407291
1580855409227
1580855411186
1580855413113
1580855415126
1580855417366
1580855419612
1580855421954
1580855424191
1580855426551
1580855428853
1580855433760
1580855436131
1580855438615
1580855441134
1580855443645
1580855446206
1580855458096
1580855460325
1580855462546
1580855464500
1580855466406
1580855468451
1580855470393
1580855472381
1580855474452
1580855476510
1580855480509
1580855482472
1580855484499
1580855486277
1580855488035
1580855489799
1580855491600
1580855493567
1580855495426
1580855497214
1580855499146
1580855500901
1580855502592
1580855504627
1580855506397
1580855508149
1580855511985
1580855513803
1580855515812
1580855517604
1580855519536
1580855521465
1580855523335
1580855525395
1580855527277
1580855529132
1580855531104
1580855533061
1580855534899
1580855536900
1580855538993
1580855540863
1580855544831
1580855546716
1580855548652
1580855550661
1580855552706
1580855554738
1580855556782
1580855558627
1580855560644
1580855562652
1580855564734
1580855566737
1580855568776
1580855570892
1580855572725
1580855584077
1580855587929
1580855589882
1580855591832
1580855593754
1580855595848
1580855597838
1580855599759
1580855601936
1580855604094
1580855606165
1580855608329
1580855610498
1580855612677
1580855614696
1580855616862
1580855618989
1580855623388
1580855625655
1580855628026
1580855630612
1580855633190
1580855635782
1580855638374
1580855641113
1580855643891
1580855646784
1580855649766
1580855652936
1580855656009
1580855659141
1580855662304
1580855665522
1580855671851
1580855675077
1580855678227
1580855681425
1580855684618
1580855687871
1580855691079
1580855694426
1580855697679
1580855700867
1580855703962
1580855707059
1580855710283
1580855713367
1580855716899
1580855719988
1580855726467
1580855729681
1580855732918
1580855736232
1580855739427
1580855742590
1580855745775
1580855762686
1580855765539
1580855770011
1580855773050
1580855775945
1580855778899
1580855781873
1580855784880
1580855787910
1580855793759
1580855796792
1580855799755
1580855802650
1580855805668
1580855808535
1580855811343
1580855814384
1580855817225
1580855820061
1580855823112
1580855825875
1580855828688
1580855831499
1580855834466
1580855837366
1580855843065
1580855845923
1580855848786
1580855851593
1580855854382
1580855857419
1580855860314
1580855863055
1580855865967
1580855868814
1580855871544
1580855874414
1580855877143
1580855880070
1580855883559
1580855886501
1580855892152
1580855894932
1580855897767
1580855900728
1580855903402
1580855906073
1580855908850
1580855911591
1580855914400
1580855917253
1580855920029
1580855922852
1580855925699
1580855928619
1580855931477
1580855934249
1580855946691
1580855948720
1580855950678
1580855952627
1580855954522
1580855956624
1580855958786
1580855960765
1580855962950
1580855964998
1580855967076
1580855969203
1580855971259
1580855973340
1580855975279
1580855977205
1580855289708
1580855341839
1580855369495
1580855396789
1580855431414
1580855478522
1580855509938
1580855542825
1580855586073
1580855621174
1580855668643
1580855723226
1580855790828
1580855840269
1580855889250
1580855981350
1580855983265
1580855985340
1580855987296
1580855989206
1580855991142
1580855993141
1580855995167
1580855997158
1580855999216
1580856001335
1580856003477
1580856005667
1580856007850
1580856009897
1580856012032
1580856016459
1580856018417
1580856020534
1580856022628
1580856024726
1580856026799
1580856028854
1580856030918
1580856033041
1580856035035
1580856037192
1580856039263
1580856041296
1580856043400
1580856045355
1580856047327
1580856051282
1580856053307
1580856055216
1580856057180
1580856059154
1580856061299
1580856063376
1580856065436
1580856075964
1580856077947
1580856079772
1580856081562
1580856083507
1580856085344
1580856087140
1580856088923
1580856092680
1580856094467
1580856096208
1580856097968
1580856099786
1580856101609
1580856103821
1580856105677
1580856107710
1580856109552
1580856111375
1580856113408
1580856115397
1580856117235
1580856119079
1580856120987
1580856124856
1580856126842
1580856128677
1580856130685
1580856132610
1580856134455
1580856136311
1580856138254
1580856140184
1580856142109
1580856144116
1580856146135
1580856148078
1580856150046
1580856151928
1580856153917
1580856157801
1580856159741
1580856161592
1580856163541
1580856165404
1580856167340
1580856169220
1580856171078
1580856173058
1580856175037
1580856177045
1580856178996
1580856180942
1580856182888
1580856184731
1580856186641
1580856201987
1580856204270
1580856206683
1580856209143
1580856211500
1580856213803
1580856216029
1580856218408
1580856220732
1580856223064
1580856225394
1580856227798
1580856230134
1580856232546
1580856234867
1580856237330
1580856241959
1580856244363
1580856246725
1580856249083
1580856251313
1580856253573
1580856255853
1580856258233
1580856260486
1580856262792
1580856265096
1580856267313
1580856269574
1580856271992
1580856274313
1580856276585
1580856281210
1580856283580
1580856286030
1580856288557
1580856291121
1580856293502
1580856295997
1580856298397
1580856300746
1580856303149
1580856305644
1580856308081
1580856310470
1580856312833
1580856315225
1580856317624
1580856322493
1580856324972
1580856327384
1580856329904
1580856332285
1580856334644
1580856336992
1580856339420
1580856341876
1580856358382
1580856361068
1580856364090
1580856366912
1580856369745
1580856372425
1580856375272
1580856380795
1580856383593
1580856386301
1580856389009
1580856391745
1580856394459
1580856397396
1580856400206
1580856402921
1580856405688
1580856408605
1580856411621
1580856414352
1580856417046
1580856419813
1580856422540
1580856427953
1580856430561
1580856433231
1580856435898
1580856438463
1580856441104
1580856443780
1580856446497
1580856449153
1580856452024
1580856454698
1580856457407
1580856460107
1580856462769
1580856465348
1580856468019
1580856473226
1580856475805
1580856478419
1580856481021
1580856483655
1580856486220
1580856488886
1580856491590
1580856494496
1580856497161
1580856499643
1580856502223
1580856504888
1580856507539
1580856510140
1580856512820
1580856517905
1580856531723
1580856534126
1580856536801
1580856539144
1580856541431
1580856543821
1580856546261
1580856548550
1580856550928
1580856553230
1580856555582
1580856557967
1580856560306
1580856562650
1580856564890
1580856569487
1580856571775
1580856574043
1580856576268
1580856578413
1580856580736
1580856582998
1580856585279
1580856587575
1580856589883
1580856592227
1580856594465
1580856596720
1580856599032
1580856601344
1580856603634
1580856608283
1580856610602
1580856612754
1580856614923
1580856617103
1580856619493
1580856621871
1580856624177
1580856626551
1580856628900
1580856631183
1580856633507
1580856635702
1580856637971
1580856640225
1580856642507
1580855979291
1580856014314
1580856049258
1580856090739
1580856122876
1580856155899
1580856188521
1580856239630
1580856278962
1580856320069
1580856377989
1580856425303
1580856470611
1580856515407
1580856567164
1580856647056
1580856649468
1580856651861
1580856654082
1580856656432
1580856658658
1580856660997
1580856663227
1580856665446
1580856667694
1580856687069
1580856690273
1580856693714
1580856696996
1580856700246
1580856703548
1580856710006
1580856713276
1580856716474
1580856719652
1580856722909
1580856726196
1580856729368
1580856732562
1580856735683
1580856738836
1580856741908
1580856745088
1580856748363
1580856751595
1580856754711
1580856757742
1580856764109
1580856767319
1580856770438
1580856773612
1580856776827
1580856779958
1580856783240
1580856786457
1580856789688
1580856792974
1580856796314
1580856799496
1580856802771
1580856806026
1580856809321
1580856812659
1580856819116
1580856822233
1580856825403
1580856828594
1580856831985
1580856835245
1580856838462
1580856841638
1580856845019
1580856848219
1580856851537
1580856854899
1580856858155
1580856861084
1580856863907
1580856866873
1580856872580
1580856875452
1580856889451
1580856891919
1580856894199
1580856896616
1580856899063
1580856901514
1580856904053
1580856906429
1580856908724
1580856910989
1580856913274
1580856915612
1580856918218
1580856920697
1580856923126
1580856927878
1580856930200
1580856932512
1580856934928
1580856937235
1580856939659
1580856942037
1580856944466
1580856946813
1580856949083
1580856951374
1580856953653
1580856955989
1580856958355
1580856960717
1580856963065
1580856965360
1580856970123
1580856972516
1580856974947
1580856977293
1580856979813
1580856982299
1580856984587
1580856986931
1580856989308
1580856991675
1580856993978
1580856996305
1580856998747
1580857001114
1580857003579
1580857005879
1580857008310
1580857012930
1580857015368
1580857017817
1580857020118
1580857022547
1580857024987
1580857027484
1580857029896
1580857051112
1580857054718
1580857058302
1580857062011
1580857065558
1580857069552
1580857073457
1580857077021
1580857080493
1580857084379
1580857091531
1580857095045
1580857098589
1580857102283
1580857106028
1580857109685
1580857113325
1580857116906
1580857120523
1580857124168
1580857127801
1580857131362
1580857135095
1580857138820
1580857142701
1580857146368
1580857149878
1580857157102
1580857160761
1580857164255
1580857167813
1580857171458
1580857174862
1580857178426
1580857182044
1580857185616
1580857189238
1580857192787
1580857196248
1580857199870
1580857203405
1580857207131
1580857210611
1580857214152
1580857221320
1580857224839
1580857228399
1580857231971
1580857235538
1580857239198
1580857242827
1580857246506
1580857250059
1580857253586
1580857257133
1580857260648
1580857264096
1580857281538
1580857283931
1580857286241
1580857288536
1580857293102
1580857295390
1580857297564
1580857299793
1580857302067
1580857304557
1580857306856
1580857309270
1580857311725
1580857314206
1580857316657
1580857319027
1580857321339
1580857323631
1580857326075
1580857328374
1580857330789
1580857335520
1580857337869
1580857340126
1580857342495
1580857344777
1580857347178
1580857349455
1580857351687
1580857353963
1580857356272
1580857358640
1580857360932
1580857363513
1580857365810
1580857368055
1580857370314
1580857372664
1580857377214
1580857379516
1580857381683
1580857383945
1580857386318
1580857388519
1580857390822
1580857393034
1580857395193
1580857397504
1580857399803
1580857402052
1580857404371
1580857406843
1580857408972
1580857411157
1580857415650
1580857417848
1580857429051
1580857431068
1580857433126
1580857435178
1580857437038
1580857439070
1580857441034
1580857442915
1580857444962
1580857446907
1580857448974
1580857450972
1580857452959
1580857454941
1580857458875
1580857460871
1580857462679
1580857464696
1580857466578
1580857468455
1580857470546
1580857472563
1580857474419
1580857476467
1580857478529
1580857480621
1580857482709
1580857484724
1580857486737
1580857488727
1580856644843
1580856706698
1580856760901
1580856815847
1580856869622
1580856925515
1580856967809
1580857010617
1580857087893
1580857153439
1580857217696
1580857290791
1580857333132
1580857374983
1580857413498
1580857492666
1580857494612
1580857496600
1580857498624
1580857500651
1580857502570
1580857504512
1580857506537
1580857508480
1580857510499
1580857512569
1580857514688
1580857516654
1580857518804
1580857520853
1580857522763
1580857526792
1580857528932
1580857530934
1580857543168
1580857545152
1580857546967
1580857548678
1580857550572
1580857552747
1580857554471
1580857556358
1580857566071
1580857568150
1580857570060
1580857571894
1580857573797
1580857577569
1580857579415
1580857581270
1580857583151
1580857584890
1580857586659
1580857588490
1580857590368
1580857592262
1580857594084
1580857595934
1580857597782
1580857599716
1580857601559
1580857603394
1580857605140
1580857608916
1580857610811
1580857612748
1580857614580
1580857616342
1580857618057
1580857619988
1580857621805
1580857623595
1580857625537
1580857627408
1580857629399
1580857631420
1580857633235
1580857635176
1580857637145
1580857640898
1580857642769
1580857644767
1580857646614
1580857648519
1580857650304
1580857652124
1580857653910
1580857655871
1580857657841
1580857659803
1580857661577
1580857663329
1580857665186
1580857666981
1580857669225
1580857672875
1580857674798
1580857676586
1580857696871
1580857699617
1580857702504
1580857705342
