10241
12668
12797
14277
11779
09611
05093
05575
06736
08919
12648
02660
10883
02665
10333
04618
14443
07837
10518
04886
14624
06879
04247
12804
01744
02300
13286
06935
13992
11957
14479
11809
12775
12598
14809
09061
06095
05651
14387
05559
14549
01517
08596
00715
04565
10425
04643
00911
08479
04528
07820
10694
02670
14301
10893
04628
08028
09475
01465
13782
08901
00406
08410
02854
12085
08738
05677
10816
14681
04182
06204
13074
00926
02479
02833
02033
13365
05059
08925
04495
01075
02140
12466
09701
10510
14297
05744
12873
02745
02781
00366
04413
09810
08526
01042
08612
02687
00742
05258
02064
01328
08916
08561
06200
10226
01738
02432
06109
04736
02082
14185
07994
13986
00095
13426
13878
00602
13249
05593
04063
06031
05023
08976
04913
08145
05583
02898
09225
09166
13604
13931
06973
08874
05269
08365
14036
01060
08914
05108
05949
04052
14276
10597
07948
04578
05833
05595
09714
13582
09894
14282
07952
06998
09331
09681
04759
12888
02183
04423
00541
04217
11805
06073
03953
10123
02908
14050
05262
06202
05006
06400
10176
10676
04477
06847
12197
10668
01169
00993
09211
09328
08530
08187
04492
09227
07939
10354
12252
02507
10750
05149
12774
03904
04009
12350
06771
11919
12792
04719
10674
04194
02688
06996
04883
05134
09554
13052
09150
05038
12597
13778
03041
01407
12081
06671
02150
05335
14086
02832
08297
05740
09007
14584
08813
01315
04314
10908
09368
02540
00568
08119
10767
04626
05885
02338
04592
05223
05330
05953
00889
06683
02896
09176
04486
00328
03958
01217
04283
00532
12848
05097
03107
14135
02730
02074
08213
04873
09397
10201
08739
09969
02417
01006
08208
06188
01956
05176
13978
14061
14711
06743
06989
06387
12847
14515
06335
01099
07906
10318
02028
09920
14126
05143
06236
05858
05489
04768
04033
06058
14723
12012
04120
05189
01248
01270
05903
12340
08892
01887
12404
01997
05615
04955
12323
06362
14701
10282
01333
08597
00699
06476
12131
08842
12522
14637
10275
12018
00014
10701
02835
04778
03913
06825
04864
02529
01136
06138
11813
01107
14496
06178
12871
14127
02225
10760
06517
04583
05228
09525
00935
12854
01158
00491
02956
06464
13358
06535
10038
09922
05987
01745
13461
11732
00933
01350
09485
05358
02793
07942
10879
14323
12928
11944
02929
00738
10756
13292
07881
09524
00362
04815
07830
06039
01133
01918
09362
14734
13010
14778
12477
04078
08873
01096
00166
00122
01994
14030
02577
11878
05003
06224
09118
07817
05793
10868
01702
10535
10278
12570
14341
01213
11915
06481
09790
13529
02751
12099
10331
09005
13719
02309
08623
00945
08072
13153
06942
14438
00965
04151
10827
04547
14222
00376
12238
10549
10738
12262
05378
12765
06740
09196
06516
02603
00661
09562
13677
04666
00403
02156
00641
10572
10504
10503
06510
05497
03914
02855
02947
08684
09158
05945
09135
04889
09404
08332
00788
02143
00535
09411
10182
13969
09012
04764
09388
04563
14631
05462
06048
08847
14181
12113
14669
10712
10424
06100
07988
03029
02525
00243
13667
13372
01417
09737
02830
02184
01569
12864
02537
12185
04473
05186
00448
14767
04036
14234
05799
09032
09807
10229
09203
14458
13601
00340
10553
01651
05316
08199
08593
14366
10267
13198
04125
00439
06873
08470
00848
00246
00881
09783
09581
09364
00425
13506
05960
10585
14021
11949
14072
02307
02702
11851
06966
13736
10705
09696
14424
00023
00435
12493
10751
08779
11776
09652
02144
11717
10791
00057
10317
08492
02416
01640
09638
14392
13308
10785
09792
06561
05678
06913
06881
12545
06267
06897
14721
09991
01338
06631
12348
10054
04965
04263
01359
01662
05492
10819
13556
07840
04288
10346
03974
12246
01159
06035
06212
13822
13570
04691
14170
10083
00369
00929
02299
09591
02960
12498
12554
05394
07981
09281
03966
06798
09282
05230
08230
08437
06645
01198
08935
09020
00574
12365
07838
06828
00407
09493
05337
10564
12074
02470
12952
05248
00302
13807
02196
08742
09048
06566
01712
01128
09229
03086
09544
04101
06261
01602
09738
01210
08080
12327
01925
10591
00986
06546
10078
12754
05336
07833
06164
14761
06140
01572
11715
05034
00856
06731
12938
01805
05453
11812
08849
00001
10638
12535
12974
13729
02882
05811
12217
07970
01067
14033
13450
06885
04400
02171
05118
12278
05832
00486
12669
06166
13411
02020
02077
08307
06626
01432
04938
14115
06231
04183
14239
05203
01336
05276
11863
12280
12787
10637
12663
00841
06878
14005
00085
06194
14313
02383
00953
02690
14358
04255
13124
00880
12859
02974
00408
09995
08429
13184
05690
03105
10418
03931
00832
13476
10474
09583
12750
06383
14303
14688
12039
09381
06511
05691
09876
08238
06741
02492
10881
02570
01414
14564
09407
09086
01268
05842
05483
01202
12277
05179
08774
14325
02262
13594
13804
01062
06550
02241
08538
03924
14487
10546
02738
12040
01351
10774
11966
11954
09685
02227
05979
09445
02396
10110
14776
08384
02288
08161
04994
00161
06865
05669
14376
04476
10781
04114
02231
09603
12105
08829
04665
00651
13687
05856
12642
00283
14218
10706
01183
12676
04415
09452
03967
01422
14012
06684
01863
10607
13666
13338
05050
14536
02149
00069
09174
14197
09426
13083
00436
14743
01442
00071
06805
04304
09596
12467
12050
01534
08019
05641
14497
09449
12010
14500
12175
10840
08105
12390
01525
01066
03092
14647
02755
05513
13191
09656
08744
01113
09256
01648
01219
00976
12158
05273
04278
05752
00763
06426
11905
10464
07001
14298
01763
02567
02590
01204
14464
09513
13035
12194
02991
05216
12231
08293
00321
10484
02514
06956
09693
12489
00411
14775
10699
00079
01621
11757
04705
14184
08295
01089
06128
12358
13475
09961
10708
12941
00968
00237
09748
12206
12662
14362
01830
08391
04633
04198
05925
11829
09817
10911
04887
01822
10916
10829
10005
05633
08631
04407
10741
02163
09231
04808
09066
10540
10105
03048
06471
10721
13561
04176
00114
04604
05911
12041
07961
12713
03063
05531
02805
05476
02887
10082
03942
12800
04231
00280
14395
02518
02377
02213
00508
05614
09280
14796
00039
01108
14225
13537
02985
13780
14576
12801
12292
13288
12827
09202
01563
06110
02174
11981
01982
01970
05804
07888
00414
14433
09717
00692
07971
09845
12693
05900
05436
01329
00067
09805
01162
08452
05046
00946
06968
06727
00093
12434
06722
04136
12507
05054
08417
06238
12931
01550
01288
12398
04762
00905
04234
09387
08185
10492
00733
10823
00108
14575
10316
01332
05268
06708
13458
12691
10631
02806
00257
00391
00297
10216
02962
08221
09187
13523
00492
01512
00098
00813
14611
03011
10103
01695
07008
01832
13629
10602
07907
12629
06549
14786
05473
08110
14158
14642
09542
05840
13552
01271
10432
06169
06910
02090
12440
12917
08782
06953
13709
05232
10189
13824
02370
00027
10274
12472
08501
14022
02850
06849
01529
09550
00322
05163
00656
13658
12272
02334
01635
13048
12897
06664
00238
06278
05950
10835
05625
00760
04246
04179
06893
13165
06285
14183
05371
00765
13599
00994
02137
04190
10100
01383
04007
01743
14293
05386
06907
09251
09409
08676
01603
11712
04623
01658
00555
04504
14733
14768
02593
09015
06895
10561
13333
04195
08032
08015
02437
12399
02310
12387
10491
13947
06667
05058
09288
12266
04137
01849
08244
01495
09679
00852
00678
12983
05511
02443
14206
02861
06876
05468
01665
05963
13275
04451
06280
04054
12585
00609
13758
00487
14359
00652
13757
04536
14658
12550
02243
00381
14369
00947
06436
02914
14055
10113
01369
14731
01746
13142
10519
05277
13856
13294
04432
08191
05107
06768
08364
04723
01343
10023
05533
02203
07874
02290
03045
12583
14089
09667
02454
01689
02189
11826
04928
08883
07898
14295
14643
13558
01064
04828
08329
02757
08065
04851
12650
10892
02084
06715
13093
08605
04060
01571
08506
04542
04505
06125
12471
05868
06508
09769
06986
02919
03054
06707
00706
05103
04984
01381
09492
08607
05166
00100
10045
09595
12019
02930
09104
04382
01991
09081
05115
06816
00534
09491
10810
00613
05021
12130
01251
10276
04305
12336
00506
01058
13976
12698
02326
00835
09847
04586
06347
05173
01549
13763
09593
01629
09635
14746
06807
02740
10191
02210
02341
00834
10889
14289
05004
04437
09675
13847
09908
04868
10477
12469
14254
00446
02811
14413
08031
00358
01476
10915
10008
00895
09787
10589
02804
13015
13213
12649
12302
14260
05304
10071
06281
06541
02707
12415
06882
13161
09201
09302
13310
04294
00913
10433
10770
12829
13993
09014
13183
01471
04048
04001
14615
05259
14780
10594
04526
10014
00923
04265
01400
04173
09826
04405
01473
04416
05464
08029
10046
01748
10447
14405
11951
10612
10207
06217
04082
02614
06657
09291
14130
06617
14264
04042
06190
06024
08729
06379
05345
06554
00088
10049
10184
04852
00472
12138
01138
03968
12828
06346
12224
05297
13520
00616
12510
02388
10224
08574
13336
12541
12108
06567
02342
01953
02406
00032
08446
13688
13149
14480
03025
06181
13535
06826
06391
10890
01177
12853
06618
09009
12987
10709
12992
07896
01776
00550
01246
00272
09863
01532
10196
01345
09743
00951
06158
04791
09585
08431
08594
02719
08667
13665
01995
12075
09107
11995
02286
01967
05360
06712
06121
05451
04831
01618
12696
01292
06688
01889
05770
00865
05417
01228
07005
12910
10135
12195
00183
08423
12566
08042
09768
08260
13326
12452
00589
07012
05876
05741
05391
01587
07000
13128
13341
09589
06904
12428
00974
04321
07938
04866
12602
13505
02246
01908
12068
06457
04057
07901
02332
13162
09535
01451
14789
03923
13550
02878
06344
10160
04201
07825
14066
13568
08079
04855
00551
09655
06509
04613
12657
13303
05766
14737
05116
10175
09052
09860
02795
14017
00314
08945
02722
08748
08560
09343
05605
14216
02686
13565
10410
02922
09439
03018
12882
04946
04158
12329
11834
01068
06287
04657
11937
05616
10677
08422
05794
05484
02843
04123
10717
10792
05405
09724
13610
09987
14785
01957
13417
06602
14628
09678
05076
12380
09396
08456
10211
08048
10094
05867
09584
14720
05676
12574
08426
13127
01506
02829
00418
03046
06086
03103
06323
01166
06380
05976
01557
12997
08247
12166
13078
10825
11707
04008
13364
09263
10202
08341
12842
14522
01792
08382
11984
12483
06012
12321
13011
09303
07812
03918
14288
06574
09846
00890
13000
14470
10811
13262
08719
06402
04267
13497
10512
09016
08273
00995
08268
12632
02289
08792
12810
00383
08947
01413
13812
04360
14092
11790
08053
14671
00549
10375
12576
00157
06271
08796
09859
06488
08702
13013
12244
00500
08731
09080
05622
02276
08091
09268
06521
09571
01750
08986
05713
06026
04220
02112
11968
11920
00751
08420
01541
10833
14213
13678
02581
02102
12756
01164
08543
01389
13844
02094
00231
14526
00220
04351
02515
13600
06993
13155
09836
14740
14416
02907
13460
04044
02103
00388
04770
05406
09473
12635
01647
12122
08844
06658
04192
13503
09618
01530
09003
02109
12353
08764
12745
06926
04296
01146
14638
11953
14268
14357
09219
04204
03015
10340
13811
04636
10583
05364
12319
13571
06940
00658
02287
06454
02424
10147
04703
01030
05061
08204
09278
07852
13235
11711
05196
06230
04631
14285
06919
02742
14406
13252
13005
14038
13425
07982
00686
04058
09557
05942
04266
09602
02085
02661
00827
14570
05101
05056
12579
01626
13794
04836
12590
04298
02066
08001
10307
10251
01450
12316
02634
01661
13532
14058
14816
14465
02458
11793
02486
12877
04961
00681
14661
05205
13406
12389
08868
12083
00695
08338
02081
13486
05426
01632
04675
14537
05516
04893
00729
02426
08866
05348
04582
10563
11856
10710
10472
00855
04394
01399
06545
08962
00966
02139
01606
12475
12453
08665
11891
14123
04116
14388
12918
04243
09733
01334
09351
01668
05379
12988
05503
08175
13827
11746
09465
13356
00615
13342
06662
05996
04264
12667
08243
10288
00379
08802
06198
04944
10658
01577
01484
04090
09912
13443
04097
10459
10562
05408
06075
01806
01546
01034
01073
06186
12528
04235
09079
08252
10634
04670
04104
13728
00165
08860
07977
14128
10012
10039
08588
10121
04325
13846
11926
12807
06253
06589
00038
04579
01008
12741
05355
13060
06174
08002
07862
14075
02457
08375
05548
09508
08272
11755
04634
08811
08021
08525
01612
05194
07941
08589
13270
02411
12170
03030
02733
12740
05937
02050
13814
13745
09386
00143
07940
09329
14363
11828
10652
06644
12961
09175
04171
13432
01864
10511
01719
14355
08547
09531
13110
09391
13448
12758
04992
08445
06246
01659
05485
05779
10749
10808
01945
00031
00048
14106
09804
02235
13188
04448
00833
09844
05688
09731
07904
14102
09344
13219
13770
10809
04424
06274
00503
00370
08857
00043
05789
00815
08786
12293
13834
07954
01645
14818
06605
09197
00604
05237
04128
00632
13883
09732
05465
14735
01493
06938
11998
11728
02765
14603
00485
10253
00898
11877
12355
00291
08513
13089
06192
06762
06184
08633
02385
01754
06197
02366
13752
05871
14586
12423
14463
01898
02248
00874
11705
09033
10515
12850
05024
08691
11997
01294
00557
08037
09102
12036
08148
08333
04393
14432
06804
12530
10743
02431
04929
14645
04787
07976
09347
02852
00176
08439
02931
09785
08964
00396
08571
00511
04987
01349
12521
14249
01641
05392
10776
13696
00714
02302
10718
02009
05528
10713
14149
14202
14138
06801
12210
14343
08585
08670
09428
05072
06294
13954
14203
09315
02822
03001
05074
14784
02182
02905
01479
13771
02582
09297
04497
08747
00908
02827
00301
04391
13603
09812
05743
08755
09500
00355
09271
05982
14199
04277
14739
07857
12312
10903
00168
00224
09163
00721
05410
14189
08255
14025
08772
06061
12497
01630
14548
08644
06307
02393
14493
13956
06569
01457
12378
01491
00327
01049
00822
14557
09147
04017
10580
04716
05211
00698
13531
12965
02693
01861
05612
04311
13101
14013
02025
07814
08262
03019
04949
09760
12379
05959
02394
04609
02402
12514
06023
04186
02475
09129
05685
13117
05864
14554
06830
04170
00074
02813
01558
00565
00167
00476
08362
12551
00469
13174
14679
07951
02622
09372
13512
01614
10895
08775
06395
09864
12236
08518
02181
08405
04155
05423
13897
03043
01663
06614
04292
08614
05566
12337
08078
01523
02321
14756
13521
13553
02201
04734
14732
01764
10409
05650
03118
12761
09090
14727
05387
13787
04921
02485
05403
10233
00805
11991
01783
13001
09083
07826
12606
06491
08261
07884
11740
01394
10210
10878
02141
12127
13634
14657
06729
06925
00845
14781
00277
09883
04300
00847
04436
00987
14686
00816
07876
06149
09304
02917
04410
12658
09185
06963
12394
13842
08961
12571
14346
08773
08728
13441
13394
05218
05402
06888
06429
12338
13163
01827
13369
06070
06577
01056
05670
11827
12212
00941
12852
07921
09937
00363
08009
04974
00904
14728
05768
10898
00135
05704
00884
05847
00998
00930
12339
09735
12176
01257
01498
08668
14266
10698
03920
02042
05250
03911
01038
01420
07930
02442
13958
12147
14571
05822
13027
04377
06329
09561
08324
00548
11932
06764
14087
12937
02775
06314
01869
01539
08291
02846
00707
09683
05285
00575
10206
14659
13176
04587
09962
10308
13037
10388
05697
00107
05750
12352
00648
10654
01116
08921
12448
02433
02888
14719
01826
04997
01046
04022
10524
04709
14077
12107
10203
00747
05467
09023
00610
12015
05120
04650
10822
13287
11904
13158
01817
09803
01854
08808
08549
02409
05898
14683
02970
09068
10169
09630
04975
08258
12646
14542
13469
02555
13526
02698
04083
09366
09999
14041
09006
02130
09148
06248
04340
10759
13202
13203
12410
02857
11875
11980
00184
06625
09287
14627
08066
02000
04219
02735
13911
06141
04350
12909
04206
02964
02629
01243
02465
05801
10323
12687
08944
06431
02346
09526
02223
00979
04169
12789
09156
01935
04358
00422
10696
02697
01215
13313
00404
01324
14693
06263
03024
13269
08098
05151
11775
09438
08672
10747
09619
04841
05508
09383
01894
13972
01009
13414
10132
03996
00494
08082
10782
06172
14190
12140
04700
08317
07910
04239
09997
08923
14507
05495
08411
14223
02659
12738
01814
14320
06949
02462
04876
08695
08269
14753
04648
10027
10015
01777
01610
04647
14595
09794
12711
05185
10538
10152
06787
14049
06398
11906
06702
10615
08542
08882
08632
04270
10116
12903
14779
12744
01298
12190
00963
05102
04911
09082
02575
09266
09668
12230
06406
04028
08360
04295
09274
01959
00876
10398
04711
05342
10134
08770
08958
04253
06767
09335
00581
08115
04299
02207
13351
07867
02737
03110
13345
00221
04941
11708
02253
12318
02918
04543
00449
04339
09459
10125
10350
08515
01172
08152
08390
06074
09214
13253
09164
14319
01155
06455
01043
00026
04673
01507
09756
00188
13887
14353
04478
09422
09446
13431
12248
10777
06254
00233
01190
04250
00426
03976
04694
09556
09275
05430
10356
04978
05555
01798
10648
13154
05673
13201
13211
09877
01803
06187
04233
04364
01882
14321
01672
00217
12330
02154
02953
07885
04693
13900
01868
00522
01736
03010
13541
03033
00529
08554
05725
13232
05026
00400
12406
12165
00080
05518
11874
04229
03940
02877
01016
10625
02198
05420
10600
04399
13472
06598
13710
06205
10367
04388
13670
10153
06971
11703
02743
01716
03044
00037
13967
13311
08451
09462
08198
08132
10722
13138
01755
02490
08951
06173
10897
05193
05245
08188
08677
10167
01862
09342
00758
09382
10588
02658
02709
10000
14757
10590
03978
00803
04795
14396
09109
07875
01475
11948
14783
02625
02587
08534
10849
10902
11846
12265
02298
00249
13245
06019
13014
14815
12291
00601
11765
05175
03934
07933
08669
10547
02429
13242
13318
04639
12736
10621
08045
02005
02012
09171
04540
09183
02335
09606
06090
13072
01269
09617
01163
09788
05042
06713
02284
02206
02874
01160
12006
05090
12288
01962
01698
12996
12381
10383
11916
14044
08895
12061
13018
08821
04617
04066
13389
09494
12363
09045
11838
09460
12878
02784
08511
00853
11986
08068
14332
05472
04520
14630
14715
01505
01447
06137
00625
08004
01145
02794
14788
04749
11807
13306
00474
00372
01958
04826
10826
13746
09616
10126
01528
05415
01429
00443
13705
08646
06506
06778
06746
00521
06586
13581
06896
14491
04507
08402
07997
04072
09002
06866
03064
06245
06357
14270
00265
08413
02078
12289
08791
10812
01880
09352
00172
01017
05265
06275
10601
08089
14672
02010
10286
09637
10521
02071
08583
07014
12515
10901
13457
13957
10744
09392
03040
00572
06366
01751
08989
04245
12038
04784
06193
10577
09213
08655
00886
05537
09410
00872
00062
10483
05016
12874
08303
13848
03037
00364
04211
13051
02823
03016
08158
09644
08890
09777
10525
00700
09010
04704
12880
10536
05418
09151
06303
01353
12369
02176
04061
08674
13317
08218
04822
14503
09483
02259
04333
04337
02729
14543
08265
08114
13965
04821
04302
00716
01423
02468
04664
09658
06377
02668
00647
04535
04844
13398
14623
01757
01245
14157
09041
00577
01022
00386
14811
01316
00862
09486
04421
12314
10666
05878
13866
13652
06501
14304
05889
04049
04342
08942
01790
00197
05721
08854
14774
02803
02349
06692
09321
04936
05944
09075
12093
06139
12347
14324
13909
01772
06608
04213
12273
13975
09356
04713
04324
07966
13033
09172
10517
12376
13672
03945
05012
09189
02368
12282
13412
06021
11946
01111
01026
08750
04307
01104
12088
10035
02748
14408
01866
14718
10270
06944
12459
09234
04924
11976
12731
02169
05435
00762
02493
11833
13623
10498
08131
06533
07993
02168
01968
12502
12809
04595
01205
06047
00518
06096
05117
08711
00087
02869
04385
08003
01033
09684
06156
10279
00290
02314
10824
05877
11859
06678
00680
12544
04103
02502
10003
13297
12281
05499
13673
04611
04108
11893
02378
13753
00892
06732
01794
06463
11725
00235
11842
10566
13324
12763
05150
03023
10869
01892
07870
00768
04212
00296
01273
00262
14364
06144
09154
13447
08765
04365
05045
10763
00624
04431
02059
10605
01427
02126
06416
06105
00623
02994
08496
01518
09255
00724
02595
12301
14513
13098
04863
00382
02132
06227
01547
13643
02002
02815
09994
09402
12034
13088
04797
12424
00313
13821
02718
02382
14421
09247
03982
02145
05570
01398
12986
12455
12035
06933
01926
05294
08388
00040
00058
08737
09930
13574
12618
11810
02503
09095
06803
03096
13699
07894
13144
02643
09703
12091
00588
01934
04147
12929
06414
04502
08334
09982
12697
00989
14232
02146
13141
09942
01697
00782
12008
09886
12607
00924
12268
01652
13436
02420
07002
08894
14609
12509
00387
01875
05398
04202
05161
04930
06698
04323
11815
01453
12549
00877
01482
07996
09797
07878
01599
12964
13312
14187
12905
00293
08751
08419
02434
09320
09279
04746
01671
00109
10330
02943
04892
10190
05626
08271
09332
04546
09161
14738
10149
13633
11783
11824
01469
06438
02511
04387
09025
02950
09043
05206
01078
02193
06442
08103
06916
08701
12055
01582
09416
02871
09749
14349
12684
08222
00236
02058
12630
14581
01094
07915
14748
08482
10197
01412
06351
14004
04106
08876
13056
14702
11967
13655
06588
01675
03984
04029
06482
13023
05446
02425
09856
06490
08780
00342
10088
13095
12201
05848
02585
04554
14205
04834
10724
12204
01878
04622
04838
12772
12927
12439
02427
05178
09801
14196
10855
12328
00657
11898
09567
12086
00638
02295
00771
09072
13647
12287
00169
06033
08094
10268
01281
09380
02215
00748
04644
04112
10909
01123
14148
11737
10558
14448
09702
10378
13664
06738
08146
14490
06118
08430
00337
04614
13159
03995
07987
11849
01600
08335
05104
11738
09816
05488
06076
10059
05967
01707
11798
09623
01622
02449
12132
06961
04378
10179
01360
10865
02006
14782
06752
10326
01983
09089
12564
06168
09649
08184
00205
11982
02928
06571
08643
11831
10357
04567
08839
04392
09806
01784
00097
01416
08834
02727
02374
04877
12922
14312
14322
14006
00156
10775
01788
09858
05397
05521
05009
12947
06475
04645
12655
06386
10661
04912
06687
00673
10606
14371
12589
05071
13100
02543
09152
09893
11956
13386
14744
01241
09532
06160
13210
05737
00530
13451
00450
04124
08201
03055
05199
10021
10737
08106
05224
10814
10691
00596
00440
08149
12977
05128
14060
13981
08010
14452
01161
10513
10306
00830
05370
00182
03076
06502
14755
09510
00781
14770
08990
04906
10736
08343
12906
06871
14016
04390
10817
10053
09205
13119
04625
14113
11993
13221
00309
06016
08823
14498
14751
12325
01021
05365
01969
00214
14253
11979
06288
09808
12714
13872
09890
04408
09592
00957
13444
01912
01489
02303
13596
05784
00171
01364
02265
02200
10161
09707
10508
11837
11945
06629
01254
05246
04468
02801
13485
06327
04580
09313
02573
00689
06651
11839
11778
11962
01858
04682
03004
10393
13764
11832
03082
06560
09549
06418
12976
14147
13546
02269
08054
05000
04193
13190
14817
08325
05739
12250
13090
02935
11762
02524
09490
04145
02177
06701
00708
08778
03084
01681
05838
00046
09336
05560
13928
14583
02596
08809
06295
11964
12943
00785
08164
02744
05318
00562
05507
10821
09588
04523
14799
10297
09210
08493
07013
09590
00195
04957
07912
12588
10451
00276
11870
09697
13046
06226
11921
04484
08322
08379
13747
07922
03906
11818
08385
01436
09264
05510
08551
12870
10415
04280
10845
05623
06052
01722
12368
13277
12307
08826
04862
04425
02345
12164
09013
12047
02844
00477
02681
10269
11850
08726
09802
00820
02891
05241
13267
05332
04803
08378
01310
02272
05032
13838
14029
14813
00711
00431
12664
01567
04367
01384
01906
00489
08606
04818
02853
01037
08818
02530
10263
13648
14544
08107
02551
09376
06427
06640
05905
00334
04539
04952
09503
14101
12537
00292
01444
09560
02772
12156
09373
12995
12141
05512
09101
09530
06356
08721
13876
08915
00055
08169
14398
07983
09286
12171
10599
13055
01361
06065
12879
11714
08746
08985
09464
10611
14108
01888
05816
04012
10311
13044
01435
00869
13927
14454
14488
00279
02797
04126
07811
00118
13298
01483
07991
09882
02361
13273
02128
10573
02381
03100
01045
13062
09142
09622
08086
06611
04329
00512
08366
08071
10910
07931
02990
06842
08256
10428
09476
08063
00867
01877
08681
07844
01508
12825
06232
00882
09226
06397
10778
04316
06796
08478
03903
01778
06704
13121
13473
01282
13054
01845
06647
02678
04109
04995
04355
10151
14599
01185
09505
08757
02998
04690
08625
00081
04256
05553
13945
06957
14612
14116
08660
02297
06709
14527
13413
01131
13352
05602
10411
06519
08308
04414
09868
06368
14707
13293
02257
05835
01230
10244
05536
00146
14267
13236
10846
12690
08689
05314
11718
08166
08134
00185
12464
10099
01762
05742
02258
10194
10310
01924
13263
14694
12716
00106
04737
14725
13118
14228
11784
09528
00525
05491
08856
08017
00598
10644
05705
14801
08180
10556
09971
06889
10582
01767
10537
13498
06372
08558
01873
11869
14798
12128
02421
08913
07850
09125
08075
12324
01125
05496
09563
05932
05450
00049
14091
00969
06786
02106
05778
06407
01031
09993
08931
02610
04273
08559
10689
08881
06912
12683
06396
09913
01286
09921
08709
02605
00206
03075
12274
05180
11719
10360
02350
08216
04065
05585
11947
00849
08363
08200
13258
14505
04575
01951
06714
02780
14129
05990
06094
10728
10726
05385
13354
07869
10482
11721
12814
09879
14177
09935
09361
05866
13877
09358
00759
14014
00498
10838
04187
08678
14287
04269
12704
00499
00310
02601
11781
06449
10779
05617
02120
01103
03983
14572
06007
06650
14328
05300
04753
08301
08096
09822
05753
02589
07877
01700
08270
05501
00542
08477
08073
09514
01208
00936
12009
11792
12998
08617
10332
05527
05736
10341
11742
00451
10255
14662
00701
12227
14435
13841
07990
12256
12558
14391
08846
05943
08783
08948
09337
00254
05164
11924
10490
00973
01106
06921
08718
13622
04178
06538
14589
12478
06848
02153
06028
09269
02916
02264
13040
01340
13651
13578
12619
05303
09829
10684
12923
12953
05437
09056
05956
09774
13250
01171
10408
10888
06672
04801
08752
00315
01280
13870
02191
05413
08181
01129
13437
12263
08448
12396
09481
06087
10796
12449
02746
05019
05112
02608
13276
10291
06199
11789
14749
02816
13459
07998
08872
08710
10062
14741
08781
07999
13480
14444
10448
13952
02037
06745
12815
10446
01478
06324
06466
13373
00483
06872
12402
10629
10754
06477
08529
14152
14081
09437
01949
01112
05827
05416
05047
05477
12023
02523
12200
14437
13050
13853
02704
04990
02260
11848
00284
09651
06022
13244
02522
12310
12063
13584
07917
13861
08495
08546
09243
13650
12235
14271
14665
08059
01302
12249
02924
02564
06854
04442
12057
02979
08801
14096
08298
01218
09541
04951
08043
08740
05325
05782
04010
08552
04359
12770
13685
02438
05796
10188
01053
13489
00617
05629
11772
10281
04000
06272
14429
05869
13224
08979
04027
12463
08126
10385
05648
11894
09523
13327
04712
05002
12101
14648
14035
13419
08176
14118
00352
02108
07964
01589
06002
12822
08598
13813
00854
09238
09327
04091
00527
05106
02644
08235
08305
04832
09444
09713
02319
01976
08211
02566
01296
05884
06977
13962
04914
01985
10171
13903
04361
10170
04389
00757
04789
10421
08087
13524
06348
08713
05951
12437
04167
07003
01236
00942
09417
08241
06365
04591
11950
09897
04727
05872
14247
09128
02147
08128
13215
13642
12462
05192
10660
02407
08312
10042
00395
03929
08183
11777
08550
05514
13803
03083
09698
01999
08978
12476
00801
05581
04747
09990
02003
10727
14695
04724
01690
06930
14696
08084
13988
06492
09631
00255
12031
02696
10672
01293
14705
12527
02758
01156
12114
02977
01446
03922
02013
14742
05210
12177
13899
11974
05620
07989
07839
03955
09665
08657
02291
13676
04002
07955
03939
10842
12685
10851
05350
09709
12270
06432
06126
14423
14587
09295
08288
05663
10087
08022
06084
05966
13636
13145
13404
13659
05506
01126
01468
10650
12718
05762
00772
00200
14063
11853
05033
07879
01114
02117
11764
07853
07004
00903
06284
02254
04434
14337
02360
00793
09758
14422
09835
01993
00735
13180
04624
09159
09673
14469
09517
01952
09855
05144
13684
12187
09841
10495
08763
04517
04496
13395
06255
10877
01808
09423
05983
00390
01121
09951
01753
01732
14269
11785
14420
06592
10795
05236
00010
06777
01905
05927
13166
10695
04574
06964
13575
14382
05448
12076
09257
09582
00984
00818
04363
08576
02807
14315
02945
10296
03056
09933
04790
11925
13686
04417
02936
12901
02840
00611
12948
02895
14290
03089
01867
05369
02973
01922
10675
12934
12819
04043
02236
12149
05665
00764
12297
06705
06851
05156
04882
05234
02553
08841
10300
06082
08637
08869
00688
05014
12427
09057
06147
01933
04409
04681
00643
00164
09354
13064
10043
10026
09537
04375
05886
07992
13538
00142
09103
06417
01902
00490
02469
04725
14192
02785
04640
14729
08153
12732
04903
13261
14329
06718
11766
06632
06922
14258
06723
08628
14372
11782
01583
10384
04443
02535
13029
04438
05904
05854
00703
03963
12867
06342
13070
00883
01115
08194
04890
09887
06855
10441
00740
12218
14793
05549
11753
13566
11745
13445
10144
14710
09136
00543
08373
00907
05200
13907
09501
12636
00587
01007
01524
13534
01545
12631
04023
06757
09157
06534
13595
04100
08212
14651
06941
08242
12542
09862
08566
01153
08083
05456
02657
03065
13463
09371
01654
04981
08650
08565
09442
14791
05087
09728
08266
10158
00104
03979
13402
05637
07006
08248
13057
00004
06337
07975
12652
08240
12841
10369
07947
13644
12247
08409
14622
06931
04376
06628
01180
14489
10853
14215
12647
00683
02329
04956
03915
08011
08111
02379
03066
09842
07854
06134
14447
06313
14545
14509
05653
02073
05309
14367
11816
10338
00608
14241
14070
00064
08704
12269
13462
01561
14675
08461
11857
03087
05204
10402
06656
08263
13671
06890
12214
13721
08582
13355
08954
01087
04111
04610
08609
05843
14680
13137
07886
12643
13192
00637
07841
14121
12562
06102
08062
04674
12855
11935
11768
14664
10801
13314
12395
08938
09169
10586
04458
09831
01174
08523
02703
09482
09576
02536
02079
14132
04570
00073
02055
08647
14350
03909
08023
02680
06781
06512
08480
08577
13639
14094
06638
12620
05698
02545
09955
10137
12454
00981
00374
12717
02789
05708
00306
10413
00053
04572
00493
13888
00684
14621
13792
01010
08147
12228
04966
10720
06315
00019
10234
14246
02902
01461
00633
10204
05788
09558
04133
05632
06556
05660
02165
09146
11788
13296
06445
04188
13178
10129
10715
09715
10289
06852
06467
09915
04695
09956
09553
00961
06066
02261
14568
10002
02901
04132
01386
10711
04945
04291
00346
13788
00068
13953
14708
05862
00323
04381
10180
08723
12563
13742
13656
10456
01154
11868
13830
05490
03053
00520
12743
14511
12071
14769
04317
04989
14492
06392
02826
12242
04149
04336
04908
14504
01669
13989
02026
14792
04593
04917
02242
06620
01758
01870
01955
14450
01431
01448
05535
14649
02092
09575
14722
10733
12908
08553
05123
05598
13713
01929
06107
00790
12936
10622
10681
01024
00545
03969
06014
06945
10423
04084
00052
09572
10106
13901
09884
07810
13602
14608
12474
10595
01616
02710
02679
08548
12049
08179
06634
00464
06354
05431
06643
13766
10221
08767
14417
01848
12595
02708
00622
14351
02554
03081
06531
04025
06381
12234
14109
09284
01990
13641
07882
13765
08522
02129
10651
04525
04067
05146
02842
06776
02484
02244
09978
00349
09909
13889
14374
04455
12518
09852
06345
05914
05140
02497
09200
04306
00116
12634
13330
07962
04429
00796
05198
13228
14034
00654
08732
14131
10181
00213
06583
12126
12144
04450
05353
11865
04459
12904
01850
12482
05434
05675
10900
12430
06242
08163
05027
09027
09132
14227
05341
06037
06755
13708
05407
02133
05550
10212
05995
14257
14453
04870
06808
05148
13961
04869
06097
02172
10857
10143
05763
06336
00458
13456
09579
14403
00887
02683
04254
06338
00996
08663
14150
00792
10665
10624
12045
05892
06218
11886
12007
08092
10287
12388
00017
06131
02633
10006
00552
13353
02355
06693
13492
03108
05157
12026
02250
02847
13516
10127
05746
13702
09778
12984
05542
01785
06213
08228
13908
05730
05666
08367
02234
07953
13067
01692
00471
01378
01646
09252
14164
08457
04718
00627
12932
06496
05088
10716
14475
09341
02306
04959
02501
12876
02357
06018
01194
13923
06525
10011
00861
05657
00515
06818
12315
09298
11895
06112
12232
10850
08996
13508
08886
13493
05652
14531
08541
05137
04608
10690
00677
05177
10248
05749
01481
12142
09914
02436
02391
02359
05197
06943
09981
14229
10246
04242
14067
09233
03951
04553
01277
14483
14606
10530
06800
13039
09395
08615
01856
13791
09943
13511
13002
02222
04596
10866
10304
04564
12354
06853
00691
10807
06317
08125
02952
06811
10678
14009
11899
05955
12153
02192
04034
00332
00478
08090
09241
08928
13929
07943
01774
14248
02975
09564
01117
11854
09461
12921
14062
08259
11713
00533
14078
08753
00066
01367
08568
07856
02450
06699
05289
10166
01086
06980
01937
08556
13723
02483
02389
07847
06005
08803
05494
06150
05679
05921
02195
06726
05922
14635
04807
02476
09110
02496
00797
13737
05554
10887
12311
01222
02088
04095
14151
01195
06484
05085
01237
04411
13106
05667
05588
06049
02004
06165
00175
06951
00162
12981
02435
06983
13484
05529
12341
06069
04881
06145
03106
08167
06370
10412
12220
04164
01189
14294
10293
05251
05195
00997
08358
13173
01946
12136
12951
01263
00091
02419
00155
02216
05215
08572
09823
09367
01756
13382
07911
07822
12460
00076
05703
13510
06259
13435
12062
13828
01264
02862
14278
11928
12303
13022
02682
08359
04003
05734
10880
06349
06642
02831
06367
12260
12869
12042
05532
09763
12777
01250
13910
05857
05769
10529
06864
00392
01352
13808
10240
05481
13416
09586
04899
06906
05069
10085
04811
00082
08664
12845
01035
14626
01406
06214
08471
00287
00517
05404
08578
09400
02190
01624
04284
00501
13305
13982
06216
05649
10813
08000
04557
06472
13129
14386
06159
10496
10370
05841
05409
14565
11969
10745
09026
02217
08254
05158
06196
10156
08124
04016
02238
07959
13325
09453
13006
04603
10570
05823
09968
12699
10041
01704
10285
03985
08061
12862
08533
12762
09273
12791
01014
02466
06646
08186
14176
06223
10905
06532
02849
13592
09217
08151
12753
04558
02911
02292
00750
02205
10444
01373
10264
10044
04823
08253
02851
10036
01511
08455
10663
08694
05376
09091
12405
13554
01553
04154
10671
02607
03971
04216
10257
04453
00962
00645
00259
08706
14098
06247
14706
04435
01674
01082
14188
04743
02969
00432
04494
05368
12755
01972
13645
13059
05986
13598
12865
10618
14309
12523
02576
08488
10365
14381
06301
00013
09330
01467
04268
10555
00713
00619
13544
13626
13136
02428
08642
13815
12694
00640
09973
08246
10867
01801
14074
05771
06191
14814
00811
13703
05043
06260
05498
02135
10150
13283
13608
06331
12849
03987
08450
00817
04861
00971
09905
14795
01419
12671
05644
12533
10351
05187
13420
05212
04707
00126
14174
07900
05293
06309
04237
00800
14787
08517
00722
05363
05664
13816
09555
14167
01568
06340
10252
05111
10831
10862
06328
11735
09160
06062
13774
02602
07805
00754
10334
13340
10815
06434
04769
01157
00470
13125
12271
12186
05807
12418
12021
10528
13588
00570
10649
05333
08982
05183
02351
07958
01843
10534
05756
01699
03977
06832
04751
00230
00628
06962
14593
13028
02764
10545
05989
13085
02367
06320
13987
10205
00226
14482
06902
04878
13996
06067
00308
08371
12538
02616
06310
13175
14455
09105
03907
03009
03038
01346
08345
12414
09965
06789
09457
02630
01137
00873
04606
02038
10339
05916
06032
06914
14236
01696
06831
06071
08154
00916
09177
08900
01492
04732
09671
08348
06151
14105
09306
00584
05567
05556
09634
01834
04858
10789
10097
09650
01023
10848
04825
08634
05928
13864
14377
06054
10298
03950
01494
10522
08586
02395
06891
00739
09765
02054
02048
03058
08581
13983
14726
11858
13940
08353
08331
04412
09815
07914
05174
06903
01793
10249
04038
05138
13530
04143
01356
05089
01536
01542
04508
05735
14703
10856
04721
06669
02069
05060
09936
07913
05870
04820
02955
02773
05082
13031
12861
02104
04601
04699
14474
06810
08988
13423
01148
01896
00361
00561
14601
14384
06421
14690
11913
13775
06296
00186
14598
08502
05947
11806
10854
00160
01424
13609
10101
03067
05534
05975
05845
00405
09892
09985
01083
00178
02204
14573
10764
00505
12213
00311
13278
13805
10896
08491
14240
00828
02016
04262
08927
02736
10458
14404
03980
03020
05565
00938
10217
12322
00127
01701
08831
14292
05041
01197
05328
02504
00331
00467
06630
09764
11817
05571
08497
08794
08682
02324
00137
06950
10452
01971
01664
10471
06157
12333
09507
02669
10647
05798
02052
02110
14585
02968
13442
12967
02455
09704
08616
13689
06761
05881
08697
09729
02233
02202
14209
14079
01961
04571
01470
14153
05390
00975
08573
05781
05890
02988
02119
04585
12875
04446
13545
05873
02938
10242
02675
12082
02618
08484
10719
02376
00896
05931
01430
14471
13890
08845
01597
12940
02277
02380
05720
10407
04348
14667
11741
14354
13216
02549
02550
04134
14233
01300
10604
05109
09375
08972
14330
06522
08299
01718
02097
05284
01607
04452
06802
06970
02293
02791
10359
09488
11881
05844
06824
02684
12890
14019
06092
05988
08046
12799
05168
10172
12994
10089
05792
10030
14156
14506
01341
01928
08843
10544
13381
01594
10657
04203
04117
14477
11977
06390
01909
02498
02876
02971
12622
06123
08177
04555
14724
05022
14243
07883
05254
00353
04105
14538
09467
07871
06494
08418
01703
12627
05902
02542
01036
05693
04518
04168
06376
05081
12096
01331
13589
01249
00042
13387
09134
08656
10352
14656
00223
09034
00597
12834
08933
00263
02464
06529
06716
04519
09964
04668
03035
02933
10673
01496
09522
01186
13396
05984
04983
13563
01348
00086
02226
12644
00823
04071
10872
02645
01927
08911
14754
09316
08531
06697
12681
00614
05357
07829
01167
09232
14316
09198
14352
13902
10090
09745
05094
13562
04096
04138
01828
05136
07803
06333
14540
00154
04146
12914
00631
09954
00844
14807
03991
12245
04794
09621
02860
12304
09237
01289
03099
09548
04055
08630
02828
00531
02983
12776
10617
14204
06869
06175
04735
08060
04654
00774
02362
06385
09506
08902
08926
06673
04312
02864
08692
01593
04334
05681
05751
02583
08278
04933
08489
06763
01711
05764
05327
08026
05133
08969
12752
09413
13491
08296
02715
01890
09228
02949
05441
05603
06083
07834
00173
00829
09421
05765
03112
05373
13715
08396
08354
01396
13171
00679
05122
13331
12706
12601
12798
01728
01804
06858
10548
01054
06334
01676
01462
10430
06813
12332
08859
04349
08936
02672
14625
06710
00620
05068
00251
13071
08683
06856
00117
10832
01486
04895
05882
06689
08369
12592
14613
04934
10185
00954
10243
10301
09615
00510
10124
00461
06430
13197
08776
02961
03919
05920
01354
13157
08863
10616
09989
13231
04885
12516
13718
14440
06817
13875
06114
05366
11763
09093
00394
01992
00347
10542
09049
14076
13357
00860
09324
06581
04403
11704
12048
09024
09518
00566
08190
00697
12356
06703
09509
06886
11823
05568
07944
04752
12123
02560
13223
09573
12552
06711
00940
05311
00261
13104
04556
10219
09349
10509
11716
04812
04031
06045
00863
04344
02800
06690
13156
05830
13274
10405
08852
08314
08510
09188
13363
12458
04714
10734
05272
00466
06795
09641
06394
00219
08370
00289
06384
00810
13892
01693
00730
12226
04419
13817
08957
06543
09357
12261
04577
09819
04632
10232
07824
05604
13879
08368
14689
00594
00063
13265
09570
13272
10031
13572
02283
10389
01443
05080
06034
04898
00778
06985
10502
06154
09307
10336
09577
02913
04460
11840
10913
04646
09121
05028
02532
05606
14655
02978
06999
00281
10656
02473
05478
05244
09365
08679
05384
13628
02441
10443
04925
05078
08109
11739
02480
12832
02653
09722
14674
14272
06794
14333
12343
01590
13783
09212
08908
04293
06425
09018
05544
09441
00412
02692
09601
00193
12978
04600
06038
05958
11892
12835
08922
10017
06364
09062
02776
06695
14803
04357
02841
02604
05296
00662
00112
01901
08649
06867
08862
08275
10635
04745
02617
10632
10312
14245
14048
11883
10507
06330
14238
09008
12383
04115
06548
07889
10820
05733
07995
14561
00560
05929
14772
10516
06952
04706
12208
09759
06265
00726
06189
07846
08830
05153
09784
01472
06233
12575
14771
02017
03027
01179
02798
10772
14467
11726
12989
06870
12824
00444
05647
12473
01147
10587
06088
00668
02624
13730
01998
01885
04663
04900
08443
02836
05806
00270
04122
12501
02072
08095
13204
10608
05030
10870
01809
13368
04943
09451
14111
06721
13761
01623
00174
12121
02027
04488
00303
08226
04180
11754
13478
13941
10272
01981
04286
10108
05382
09578
09325
12674
01747
00218
05707
10117
08013
02152
05053
12025
05701
01865
13403
14306
05474
03047
12161
01095
10022
01184
06219
09384
06004
01244
12167
05036
00294
03069
10091
11706
00519
01820
02910
13229
02471
03988
10254
06758
09440
10462
02186
08952
02031
13751
08377
11825
00274
12608
06563
09546
08294
02648
06874
05865
06603
02331
14494
11955
09699
14242
04755
04430
02224
08602
13495
06649
14713
14466
06290
00992
04221
00859
05298
04651
02178
12219
06433
13016
03989
04531
02716
08661
05655
09001
13422
06694
14692
12924
13701
12014
09194
00948
14546
01735
08327
14193
10627
09040
04817
00022
12733
13593
05919
10064
12892
10753
10584
05191
06450
04422
00888
10506
14430
13309
05225
14765
00702
02131
05836
09470
06468
04041
08421
01261
09073
00468
10797
05896
00316
03022
12567
12557
01786
13408
10576
00752
12143
05969
09283
09885
12345
09865
05447
02656
02285
06982
08687
06555
01715
05155
12735
09837
00988
05643
08350
14281
02413
10025
04447
08906
08707
14562
14594
02053
00982
13254
12730
13955
02786
12993
11990
08984
10406
01513
00365
09830
10235
01120
12413
01322
12844
01403
02185
03990
02125
08627
05515
12572
08442
06142
05388
14407
00304
02993
07864
13096
02790
02167
05313
08458
04310
06829
08512
13374
07011
08214
06901
08756
14446
13863
13234
07957
12257
06772
01884
00024
13915
09285
12416
12584
13790
04602
02320
08155
06797
03116
13410
00526
09568
01242
02209
14517
08289
02278
02992
06544
08853
01742
08432
08372
07945
02356
04454
06654
01452
09497
09857
01816
06451
02787
06564
07018
09230
12503
05803
13868
02562
02311
13131
06322
06040
12826
08310
13126
13195
00437
08049
09478
01533
05853
10055
02384
06875
06655
08050
05329
05972
01821
13214
02116
13092
05772
04692
01426
01855
06483
05839
02087
01841
00787
10347
02769
01562
05973
05287
06009
05067
01996
00950
12651
12309
12773
08207
13433
02539
08524
02927
13759
00268
02032
00151
12573
00756
08231
09138
03002
12229
04328
04225
08885
01509
05110
01780
14307
02705
10040
08535
07925
02322
08686
04843
12749
06717
10325
09789
09019
05608
10692
00021
02778
00665
10465
04166
12751
06972
06635
14442
00723
06609
12409
12361
02180
13614
12703
13881
01514
08101
05202
13170
02635
00271
14401
09149
07899
04384
12679
08725
14393
02296
13328
00821
06291
04958
08705
01950
12116
06241
06987
02664
02136
10578
09076
08716
10050
05292
07851
09431
12004
12808
04457
14636
08754
01797
09127
11929
09949
00767
00718
12568
04702
06269
11710
03117
04871
01258
01039
13549
04726
00967
02487
01916
05324
01810
13501
04566
11871
02358
05974
00514
09322
08018
08449
12022
13725
13123
00132
04810
04939
12110
05723
01566
02275
04982
04541
00567
12148
02164
13034
12778
06182
08165
14119
05502
09071
14484
01723
09689
10037
01301
13933
10321
11889
00373
08284
11989
00421
03927
10532
02237
00770
05455
13455
02445
09017
13836
06207
07807
05362
14073
14745
09145
03109
05547
00267
04953
13590
06056
00666
04331
06321
01964
14114
13362
00606
02963
13693
13239
11987
01231
01456
14142
00041
04135
12372
00737
01759
03051
04840
03936
12979
13898
04696
04894
06108
08690
10120
12259
14468
12377
02101
07897
01636
14326
05915
05695
10142
12553
05694
11724
05247
08024
10295
09521
07934
10541
01151
09289
12919
06129
06106
00225
04110
13540
07950
10662
00901
01685
05775
12613
12794
05540
02188
14200
00473
01464
01371
05887
09953
04954
00139
02663
08349
14451
00635
13517
14230
09139
08250
05578
05466
02866
00335
09448
08472
05674
05745
05438
06883
00456
06905
05055
07936
06262
12027
02274
14644
04053
00343
06507
10284
04584
00204
14163
10154
04748
02685
14486
08822
02903
12739
09046
02534
08425
14673
14308
06518
10844
13714
09165
06578
00050
12305
00814
06965
11786
11733
00336
14122
02906
12496
12637
02588
09296
10664
04880
04777
09533
10773
02049
05860
13611
00537
05139
00447
10598
06850
10076
08569
14008
14666
14136
04758
08825
01175
09515
02369
06183
02637
01272
00902
13886
02725
08889
12811
00273
14559
01221
04986
04942
09926
08210
03049
02621
01299
13322
13021
01366
08408
05242
02080
03111
05907
02046
00553
04763
10114
10157
12508
02239
08304
08743
10861
02418
01130
14385
01220
12264
06341
01683
13102
04588
08905
06055
01433
12097
03097
12688
12990
13760
05264
12581
13748
04879
01368
08564
06085
05936
03003
11872
08406
02387
06459
00978
10643
05201
13858
02240
12786
13097
13777
10762
10231
06470
12172
00007
06997
08287
01330
01844
06462
09191
14195
11814
09178
12065
09626
08283
10886
05125
13304
06857
02937
08137
09355
01914
06268
13099
09833
08741
10001
02076
04148
07960
00843
06489
01573
04482
14356
02337
06036
06078
00018
09867
01584
09055
12896
02676
12070
04661
06918
12371
08504
08600
08276
12783
02654
10723
09162
04545
09265
06793
13851
11992
01124
08528
05805
03072
08946
10358
10683
12670
00445
09820
02294
09108
06167
05288
01782
10455
14684
05680
03921
01944
00207
09827
02641
04466
08736
06505
02218
02984
05831
07818
00416
03916
05031
02070
04301
05461
06585
10061
11900
01522
10056
09597
05380
04960
02597
04897
01729
04780
03937
04847
13114
09314
13819
11961
12767
09067
13371
06558
13222
13268
12692
02868
05482
06770
12675
08292
14389
04915
05619
04964
09468
01028
08828
08540
10489
13543
04760
14057
01900
13918
13995
00459
02920
14736
06266
00694
13646
09752
04257
04088
06978
13845
00202
03932
06440
12856
06298
09708
13407
05834
13934
13744
02547
12196
01149
11952
13391
02647
01358
14600
02958
04963
02263
02364
01091
02925
12209
04118
14794
12211
13551
05978
10469
09799
05308
10688
05283
06143
14616
01823
12517
13720
10214
06670
13949
00824
13482
00258
09705
09755
08383
04345
08658
04077
12221
12641
11960
09938
13615
13921
06081
09796
10381
00177
01771
06369
06686
02859
01556
00244
08123
02410
13893
06053
06487
00145
12930
01312
12094
02316
05776
06838
13146
09929
13295
10366
14237
00075
02821
05315
09786
06257
01211
05961
08899
13818
00894
12258
14485
01415
06809
00808
06784
05718
09153
06293
14495
01564
02422
13630
03098
04074
12793
06133
14348
07842
10885
14805
06316
13885
09795
14208
01899
13855
04775
12367
12267
06077
06456
12457
04474
08666
12298
09044
02124
08652
01303
03085
10917
01187
08505
09489
01548
08463
06256
09754
12043
12898
10628
05600
03938
12504
01098
12638
05172
06661
09309
01374
05777
02533
08453
08302
10400
06343
04837
12534
13217
13384
05517
13585
00475
00547
09928
12320
08225
04641
13281
02689
02559
05689
06843
00401
05754
06929
06177
08336
10557
10685
01684
09979
00357
01574
02779
13606
08033
06747
06788
02972
14171
10592
05346
06170
02894
01989
05601
06868
09872
01714
02477
05846
11985
09037
08143
10804
12820
11959
01385
12183
05433
10396
11736
04279
08584
01978
01974
05924
04993
12044
14652
00429
04404
01388
07015
08093
04969
10766
01488
09980
05278
01857
05821
02456
09429
05452
14618
09021
01206
12526
06827
00433
14555
08966
03034
13383
00798
07823
00634
00409
02996
05729
01109
11731
06495
12344
12446
09771
00371
03014
02717
05524
06444
09948
08136
12586
10075
09258
09761
08758
10133
10429
04271
08714
02883
05923
04757
08785
06222
00586
02867
04916
12726
09520
00794
12033
08215
12373
05439
07905
14286
08113
08761
13350
08877
01879
04798
02327
05813
13266
08483
14766
09907
02155
06633
05715
01081
14436
13801
04493
04515
00744
04830
14426
04635
14175
02375
10032
08536
11795
12451
06823
12524
07946
08487
08604
01178
07804
10373
01941
08485
08920
13349
08641
12784
09065
09069
02771
12525
06302
04153
06447
12700
01255
13935
08653
10060
14378
04456
00618
00595
05170
10372
10802
01773
08397
00732
10839
09730
10239
05728
08703
12216
04845
06526
13132
08722
04904
14251
05286
00749
05282
11866
14501
05013
06911
14334
09458
01931
02415
07972
08949
04444
06557
09022
14604
02767
03017
09881
04998
08102
12971
00784
04806
05981
06029
10245
09975
13494
09543
12411
02598
06677
06283
14797
02839
02353
01192
03032
08030
08557
12818
13837
05222
09408
02615
04207
08142
09545
08499
04605
02655
02673
14566
10314
02086
14186
08249
12073
14709
13045
06161
09363
13284
14410
09447
08481
00958
13917
11938
12346
14462
10401
13065
06668
01239
08651
11835
04258
09477
02571
00704
08645
06064
10655
06612
14311
10230
09762
03902
12531
05190
12098
04013
08698
09916
13025
01074
10714
02034
10470
14361
06089
02440
04214
14773
10247
00344
08817
02768
00011
04230
02373
09318
00909
13597
10387
01760
06115
09114
12656
10752
05267
01837
12168
13465
08415
00776
08864
08812
14481
13291
07866
14317
04427
09853
06401
13942
12115
00138
12963
09182
12830
00592
13453
05908
01501
14427
01375
10069
10806
04070
02221
02594
05627
04062
09869
02194
02068
12813
05722
01326
00045
05469
00674
10024
05714
00836
12949
06728
04161
04420
13795
11770
00676
09861
04313
06898
11748
13316
13151
01225
06932
13302
08130
00415
11931
13454
08129
13694
13301
09924
04141
04970
04222
05638
06473
14523
08407
12746
06393
06590
12625
05141
09972
04252
02392
02954
12013
12447
08239
09399
05709
10096
13519
02430
04741
12911
13936
10784
04481
01615
10463
05270
02158
13264
10086
06373
02157
13691
04021
08067
13474
14137
08027
09934
02199
14412
06413
02967
02526
02756
01247
01591
08798
09625
08620
14080
01717
05188
02838
00806
00569
05343
09832
00090
00368
00712
08394
09004
05906
04907
13618
12860
09270
08056
13914
01072
14003
08311
05826
00101
00072
05119
05253
08995
01307
05618
06613
09838
02114
00664
03091
12577
09648
03050
02313
11804
02619
02987
12802
04972
10494
08044
06152
10533
08170
04037
13698
14574
06388
01397
12593
06235
02959
14409
06458
01001
02312
04720
01262
11791
06423
09434
09739
10417
06923
08930
02304
12233
02489
12151
08122
00538
00002
14712
04287
06277
05062
09889
11910
12133
02706
13547
10884
01893
12769
00203
02491
09923
05875
07923
13378
14810
02750
02472
04513
12723
14032
08196
01897
09818
08069
05443
14305
08055
12053
09691
06994
00576
02561
00612
06833
12461
12111
04121
09534
09538
00003
05079
02915
02694
00441
02941
10596
14336
09250
09776
05594
04159
04035
00544
03031
13638
05564
13873
13937
10374
04356
05070
08629
14411
04464
00452
09133
14629
13359
13896
01306
08799
01229
09821
14368
02056
08468
09640
14650
08903
08861
14110
08898
01176
01838
02408
12788
06358
06441
09813
09495
09244
00795
00325
10434
11752
08953
08376
06666
09834
08800
05226
05783
12255
01004
12605
02586
05711
11802
00497
02546
10725
13041
06774
02423
07801
02363
08587
10914
10431
06355
08081
01911
09725
04395
05029
14107
13946
12384
13738
13135
01207
00192
12891
10836
04660
05347
04024
08035
12492
02098
01285
10048
05934
13030
09028
13189
13661
01730
00878
04867
06734
10454
08907
04332
08227
08833
02228
01575
04948
12886
04318
14596
05672
13427
01988
05320
01224
10567
01390
10771
02343
13732
09502
02175
13334
10852
14558
11908
01445
04848
09206
10626
14023
04733
04175
14180
00693
02500
08610
08836
10639
05635
00639
10633
06203
08016
06636
13950
05238
08424
01421
05790
13415
00741
06104
02007
02578
02926
04463
08638
09977
06812
13755
07009
05425
14283
04433
09690
09369
12243
05634
01084
06947
12569
00252
13370
13867
13122
03070
14084
14394
04371
11973
02662
01570
00524
12403
10497
08403
07007
07969
04081
02881
01824
06579
06318
10187
12970
01365
06976
04397
14000
13675
13999
02047
12362
03972
14567
05731
04683
14244
00705
05432
04728
04932
08555
12385
02510
10783
00397
14284
09310
14054
13683
07816
12954
13527
00655
00428
05590
14414
01392
10081
10623
06443
08344
13924
10198
05493
04874
06478
14777
12614
05621
00481
04544
06846
03998
06991
04374
12102
13405
01141
05897
06079
04581
01720
05352
12857
12054
04462
14473
08909
01691
13237
09565
02774
10858
00253
00696
10073
13490
06124
00870
13397
14172
14318
08202
12178
06887
14154
00234
03993
13536
10907
08038
12400
00124
01580
04689
06363
01984
12374
01027
00838
09305
05724
04782
00927
08290
03114
12150
12485
01904
06292
00070
01710
08434
13515
06146
05545
01883
09642
06783
12056
14194
01986
00128
03933
09512
00559
08121
04244
02762
10476
10793
10642
12092
00649
08306
06915
00298
13621
12253
06806
01581
13038
03102
03999
09029
09100
14582
12705
11912
05422
09123
06936
12103
04761
05243
10009
08917
09646
01105
08708
06211
08267
05091
01069
12980
09379
08994
13711
09851
05470
06209
13977
03986
04856
05227
01393
06228
13796
02885
03061
09670
13518
13168
11794
00644
04315
13181
01132
09401
12112
13632
14670
09772
05599
11975
00089
13734
13116
05993
01768
13076
01297
04766
10344
02932
13769
04238
00846
06652
02606
04196
05758
08680
05761
09116
08323
05748
06773
02731
09527
09917
04744
04765
04396
09199
14419
01070
00158
00593
06759
13375
08203
13798
13695
10531
06520
00417
00725
00837
12823
03005
13255
10514
10092
04857
10501
02557
10453
00920
08319
05968
14134
08464
02808
12182
14431
13959
10376
02398
08806
04107
05918
06928
06163
06934
00094
14051
05659
04988
08599
00266
06691
14370
00590
11963
03930
04227
01308
13930
08619
05233
05977
13943
09126
05299
09569
05591
10292
03094
05263
01836
05487
00215
13869
14143
05572
09677
05611
13299
13206
14790
14550
09168
13103
01910
04642
14231
12639
00247
01787
14441
00646
14521
07916
00260
00078
11933
13580
13063
12935
02872
00008
14250
05057
09472
00970
05252
00642
04910
10028
12032
12764
06562
12513
07924
10794
01118
05145
05859
10084
05855
06527
00054
04991
05509
01975
02848
00187
09259
00286
01317
04226
04731
10159
00006
05767
08840
02754
02021
02770
04127
05049
11808
01943
06862
09896
04849
09092
00025
07010
01527
01608
08867
11922
13247
05486
03948
02671
04999
01003
05458
08209
04754
09261
01196
09613
09370
05883
04729
04068
00513
08330
00356
02638
02315
06258
03074
04487
06580
06116
13852
05266
06410
06046
11867
04503
09629
05970
08981
00783
01240
12734
07935
09338
00921
12881
09970
03071
11773
06051
10138
00761
01304
14299
07802
06979
08120
00585
10523
00850
01796
13282
04248
08591
14162
09424
10899
05562
02014
06955
01051
12146
05998
07855
14211
02051
04677
05121
14646
09430
12944
09070
06975
08675
14018
12565
04241
03008
08777
05229
14478
11787
13884
06706
10552
06737
04909
06514
02870
01504
04612
12654
12833
02065
02024
05351
06665
09957
00523
12159
02612
12868
09443
01284
06210
01769
08592
09412
04076
06547
00591
08970
09811
01013
08189
10010
04905
12591
10004
01666
02091
11884
14685
10818
13082
09124
09390
13826
01954
01960
08404
12628
00728
01815
09946
01503
05628
06361
09633
07863
02997
06325
12500
13904
01337
12313
13539
13339
01667
04671
14617
04236
02783
14800
05182
12812
05162
10112
07827
12883
04521
04927
04303
13049
08980
11896
10613
14065
06601
01921
00149
00536
01678
04918
02001
00229
08374
04804
10165
05726
10193
14120
06537
06894
08475
03036
04872
06616
02122
08992
09901
06753
00769
06835
10837
09927
00194
00077
14530
05825
05574
13376
00009
02095
14602
05084
04069
14201
12169
10280
08466
10377
00015
04383
00804
12386
12422
12781
09463
02909
04549
12511
08361
05126
09450
08734
01313
06461
01150
01474
01012
06453
04511
05323
10450
10013
11796
09097
00035
05747
01295
13108
00047
00956
05755
06863
13637
01283
08274
12193
13624
10579
09106
06760
12806
05646
04119
01709
14535
05449
11811
10095
11841
13086
08848
05372
09496
13208
12184
03080
10445
13513
09767
02273
13468
13939
10486
00288
05696
00629
05317
01032
14002
03021
14007
08814
10843
09986
08474
05818
05584
12029
08264
02208
11836
02912
00937
10273
14449
09215
03981
06621
13225
12366
05935
09245
00983
04672
02211
12858
06350
06297
05231
06011
00964
10271
12594
08337
09031
09389
07985
05114
01633
14168
09963
14461
04813
05582
14263
08991
01655
08139
13315
01441
10646
13741
05255
02036
07808
04485
11890
02230
04697
14373
01305
14502
13857
13922
09137
09726
12005
12444
12621
01795
01377
13555
03961
13990
01923
13528
02701
13091
07809
07949
05428
00295
06424
08621
10283
03917
04506
08326
09393
06584
04471
12624
02401
02509
09706
07887
04767
04163
11897
12831
10093
05445
09620
02414
05344
03013
08007
02447
10682
10729
00934
10693
05261
04792
10102
08521
01278
10148
09843
06884
05589
13058
12432
05260
04205
04472
08950
12615
02134
04793
09627
11901
11885
14569
09011
06775
09700
01818
10392
04796
12357
04985
01265
08508
02513
08570
12707
05256
09140
04490
12254
06814
08929
09290
04659
08034
12046
05444
08815
14764
01238
09223
08178
06920
13418
09966
10131
09035
09791
08386
09800
09672
00745
12163
05613
01656
08858
13487
01819
01253
01726
04018
02348
04402
10442
08012
00546
00424
01930
00083
13916
05375
00130
00305
12154
09053
14198
05997
07963
10686
02371
09734
00378
13388
13823
13839
11722
07880
05642
10757
02256
08500
06821
14024
08787
02753
12817
01122
12064
03910
02817
05738
10864
06958
02982
12426
00036
12125
13640
00831
08469
05795
00925
12795
14524
13906
13716
06057
06513
04996
05395
14296
14144
09944
14619
08006
06486
02837
04366
04046
02899
04445
12306
05546
14632
06500
00563
02548
00931
02884
10539
04347
06819
05018
07929
12728
10386
14027
13148
02008
08316
10746
04669
14499
10047
01502
08824
09566
02448
12001
04240
01903
08527
12682
05083
08058
13948
00317
12661
00136
12134
06493
04829
02712
13631
05573
00181
02123
06068
04274
12727
01687
09277
05557
08168
05440
11780
14418
09312
08924
09712
01653
06725
01543
11988
09688
08762
02651
00528
01907
12188
08494
04678
01235
10174
09809
10368
10220
08659
05500
10438
14064
09695
10636
00556
07978
00198
00153
07873
12100
01554
12290
10422
01119
10222
09319
09377
13479
05295
13329
09260
00457
03994
06596
04774
02814
10841
01425
09932
05563
11941
01203
10364
13257
02631
13241
10238
12782
08727
14139
13762
01076
05073
13605
14001
02461
05154
09094
12913
00012
14068
06742
05001
08608
01370
05381
00333
04686
09469
09580
13360
14556
02035
10302
08014
04576
04014
01939
08428
13657
12051
05850
01050
09904
08807
09511
04272
10765
14300
13663
01650
14457
04150
04469
11911
13036
10058
14331
02173
12885
13130
09750
14344
01637
08234
09292
05837
01846
01749
13053
10186
09432
12488
13003
14691
10052
13533
06565
10250
04973
08967
10603
01061
02677
01405
10735
05954
06615
01775
01077
00755
13712
02923
01209
14071
13820
14212
08532
06465
08412
06220
04129
02333
11744
11822
01807
05454
09793
13172
05105
00141
13617
01477
12757
04426
00685
05361
08193
01521
01840
01182
01538
13075
01932
01555
01252
14338
03970
00348
09414
01977
14704
13681
06946
06845
06412
12425
13042
14082
00256
13727
05530
00891
14533
06015
09054
08005
13160
13169
02187
11727
12435
12887
01135
08855
02788
08891
05985
14529
01677
08941
00029
12030
13471
10460
09311
12486
12555
08749
12721
13185
04710
05065
04922
04532
13152
04788
12725
08427
13724
01604
02799
01578
01510
02752
06892
01765
14730
14265
08865
05716
00893
05624
06215
03941
06573
12547
08971
05631
13557
14141
05442
12546
04047
05396
04131
00442
05257
01660
09605
11843
13831
11709
00906
02282
12748
01609
14660
04064
10290
04160
02714
02336
08575
06389
14191
12616
13409
04341
09074
12816
04569
14274
05787
04281
09643
06208
13507
04322
13466
01052
13509
00917
13150
06006
00133
01811
13307
08232
04533
00868
09911
00324
14161
04428
00307
12519
06435
13177
01327
00264
09628
05015
10610
12969
00275
11903
02600
00858
01987
12653
11864
09609
12536
10614
14590
01642
08626
08797
04652
05948
01605
10437
12771
13984
14375
09050
13662
12223
00866
02308
10313
08197
02886
12342
04480
00170
00384
01725
06132
12294
07956
10478
06995
05684
01942
08392
14607
12494
10790
08545
08514
09415
01851
08438
05051
14207
10520
08108
09770
04891
01101
06917
09192
12665
00434
00152
04051
05131
05645
09301
09984
12364
12915
02255
14678
01233
00427
04249
04637
12296
13271
08104
06286
14140
06042
05217
02527
02474
00484
05636
13625
12349
14633
05809
13731
14182
05367
10669
10033
05005
01287
11702
01311
02467
01142
01613
01592
12433
12052
09607
12160
00330
10871
06452
03962
06375
05630
06234
02980
10237
12375
00113
00871
02063
14610
08507
09167
09111
14173
14560
10427
14056
04738
06382
14402
00462
04289
08347
11971
13026
02632
08414
13481
14620
10416
01275
00190
02782
06415
12985
12145
10261
09474
01588
01018
12972
14541
11701
10067
13112
02642
01595
10609
08717
00809
03957
10299
05077
02825
05610
05124
04218
00990
13968
09798
10223
05393
13768
01686
07928
08804
08790
07927
13346
04086
05656
01404
04208
05558
01323
06250
01214
08893
00147
07903
06273
01586
14379
02499
01872
03093
06339
12002
12207
06136
12626
05719
06422
11797
08613
01515
09323
09814
05785
14020
05910
00999
08997
01526
05662
01092
04926
13147
09594
05127
06098
12926
02976
14578
14553
05592
05543
00034
13668
14653
14046
07843
02115
12747
08233
04075
02232
13289
12942
08498
10703
10786
00952
09906
12490
13008
09716
14335
00977
13212
02166
10485
00746
04338
01724
09604
13429
01835
11751
01829
13483
13167
13966
06352
04842
03026
04962
02482
00626
04514
10461
13564
00191
08356
09850
01670
06990
11860
00672
03079
01459
05321
08135
12275
03912
08077
12308
11743
10355
02763
08904
09919
05786
02405
12152
13850
06785
13430
04901
09898
12548
02591
13290
14383
00918
05302
09647
10904
00819
13227
06681
00875
14758
14547
09208
09751
03007
10066
09710
05658
00242
13061
13985
04386
01480
05504
08618
03997
09866
09195
09405
06765
09131
04224
08352
06524
09346
10209
13194
05815
02512
08440
02067
05849
09939
00110
12443
04093
06195
09078
04512
10630
12499
01188
13854
05424
09345
10382
02019
10847
01000
09326
13832
00465
06623
08539
14717
04537
01376
10294
04157
10554
12225
09181
12445
01617
05429
06754
06270
05306
06282
04688
14663
06967
14445
07849
01947
01002
13392
12966
09925
03006
00932
12351
09654
14716
10262
12017
09216
14591
00005
02921
05654
14327
04809
02352
01766
13840
00939
09664
08157
00065
09088
09272
12077
00389
06251
02626
08878
12203
00710
03028
04598
04465
13220
08712
10277
02724
08827
06201
09248
08070
12846
10343
12945
06748
02666
01402
08351
09406
00663
12673
01516
01401
12872
00438
13773
10505
10104
04785
12968
05909
13862
10798
10874
12975
04089
06437
05851
02249
12645
07967
06908
05962
02646
08454
13496
06101
08416
08724
02011
06103
12505
12124
05552
12701
08537
05214
00885
02029
00393
03101
10670
01165
13467
02446
07845
12118
00573
06627
10834
05290
04189
07932
05607
01727
14302
07858
12441
12468
00096
10218
09144
13613
09427
05135
04522
12106
06622
01234
12058
12958
01011
10479
09661
13750
12155
00320
13612
01212
05577
09425
02695
10353
10371
09242
09184
07815
06597
10788
12925
05095
08141
14210
05412
09249
06988
04040
02723
05814
09221
12666
06446
14169
06610
02845
01355
11774
12407
14047
09143
01085
02944
14472
12596
06861
02495
00150
01965
14698
01362
08973
04094
09950
09220
04370
09918
13438
09974
01825
06836
04113
04776
05971
00753
06127
12920
04649
10565
10077
00864
10419
13653
14697
04368
04685
09063
09753
06572
10575
04030
12790
01438
05861
13361
02951
10426
13932
10122
05310
14342
01458
08567
08401
02809
02521
08910
12946
03039
05899
08282
08277
00582
10118
08118
12956
06030
04092
04667
09662
02995
01596
00111
14146
07984
01110
02628
08117
01490
02652
09740
02062
10435
08968
04162
04550
10882
02858
01781
01831
08047
06176
10569
04232
06408
08888
06680
07813
10168
12612
06653
09988
05917
13233
13522
05017
00092
08076
08398
10192
02151
05052
13337
13401
04006
12028
09353
09941
13502
06041
07819
09308
08635
00028
02488
00516
05668
08837
14641
13230
06003
01232
00786
06769
12079
01127
01915
01152
09030
13789
09875
10707
08393
07832
13735
06790
00812
12335
01466
05427
00558
01733
08611
04005
04509
05377
11909
00339
08144
10018
00670
09996
02728
05020
05712
00269
09267
14525
13243
04130
01063
10178
08998
00736
05301
11942
08850
10873
02111
00851
02981
06675
02247
08052
06756
08173
05221
05538
08436
06403
11720
12587
13115
06099
12796
05167
12495
10348
06696
11958
12189
01040
14214
14397
12084
06113
08085
12543
09499
10399
11758
00228
03068
00375
08960
13109
00454
05383
13894
03992
06992
09610
09931
08224
04967
01181
05035
00488
06017
10177
08444
12686
09087
09471
04701
14668
08074
04896
10362
04418
11730
01682
09246
10051
14261
05802
14125
01342
09122
12202
01409
12578
10070
02818
01948
05414
02083
10653
09624
00241
00985
06834
10918
00922
04228
01460
01649
04197
01276
13120
13743
02863
01144
08229
08784
12912
05523
06595
00115
08245
01097
08516
13865
14428
12916
14806
01418
05561
09141
08875
09254
04687
13674
04346
13007
00131
06924
13424
10704
14687
04491
06206
09551
09085
07890
13722
04398
10700
12095
12506
14714
04923
05586
08932
02721
01779
00915
09992
14273
01721
11769
12317
00650
05037
12470
08172
00209
12950
08795
08544
09744
08838
04783
02556
12982
00879
08959
09374
14551
13567
13829
13577
04172
06093
06135
02865
04362
05576
04684
08138
06679
02623
00285
01874
13111
13024
06025
13754
02365
13871
06249
09036
02318
09870
10391
06043
13591
12408
02045
13477
09058
08805
09115
09204
12863
12902
00603
06676
14512
12279
10659
08251
12173
06607
00928
14415
02965
04309
02893
01437
09222
13874
13209
11767
00148
11970
13179
01752
04276
10115
09663
06974
11873
13849
06619
05933
14053
05208
01891
14226
12611
02494
10266
14112
08465
00980
08150
13960
05275
12491
10803
01455
04015
00319
09098
10574
08318
12117
03113
05957
01309
02517
07806
05291
09849
06523
00949
08355
08693
10265
10309
13032
08195
00318
02325
14015
02118
04627
06570
04215
13810
13218
09519
01223
08441
09718
04449
01357
11761
01325
10645
09333
06306
08020
05011
09433
08673
04835
12003
06305
12191
04638
01852
06332
02317
06591
09757
10876
10568
11750
10742
13963
14812
08380
00030
03926
12709
01267
11729
04181
13997
14026
14045
10414
10136
02089
14028
05354
04630
13767
06244
04816
05541
14262
01938
13573
13421
04098
12284
13047
00402
08934
13143
04819
05075
04597
10128
00727
01100
01029
12222
00682
14380
10787
05757
09680
08912
14085
06739
00791
06909
12198
06575
12962
10072
08601
13998
02900
00410
12672
12450
08174
12104
11972
01143
06153
04461
13951
01791
10755
02873
12785
06724
04715
14347
01639
02796
07872
09038
13343
05419
09398
05129
10730
03088
04184
01737
12895
02508
06859
04099
09224
09854
08041
13913
01627
06981
06312
05147
06148
13009
02584
13347
06815
04937
06844
02451
04779
02506
08983
02599
04853
14360
02328
14592
05894
12241
10065
13452
01057
09529
13081
09348
00972
09466
00189
08315
05092
13660
00354
03012
02792
06587
13970
14434
01673
05808
05702
09674
01363
01372
05010
00914
05389
13786
12580
05086
12678
06639
13321
00826
06685
00502
01537
09945
10145
01576
10891
10397
06404
12556
01628
01428
12933
13077
02734
02390
06820
01015
00775
04156
01657
11983
08788
11723
02650
08509
04026
13428
00250
00580
06371
08768
10345
07909
06405
00607
04884
04771
12135
00943
10063
00630
05338
09334
13825
00482
09848
01540
10327
13912
03946
14145
01395
13880
04251
01966
04039
04261
02636
07902
06279
13385
00341
12623
04850
06498
12011
12710
11852
04573
01193
11934
13251
12973
07974
10315
06542
14011
03908
06551
06428
06155
04888
02834
02552
01895
04087
02897
09042
00399
12603
02890
10162
13107
01708
05780
13944
01497
11902
01454
02043
13105
00453
10467
09983
01463
06308
12067
00216
12066
09871
05181
00222
05717
14682
00455
09873
02270
06799
00278
12401
08871
12884
06530
05411
02481
01025
02824
13043
00044
01544
01226
08217
04335
00912
12199
09435
01347
04343
14275
13073
10702
12955
05025
12851
10487
00413
01802
04772
00504
13285
12429
13226
05710
04406
08057
10863
10258
04530
04676
10324
04589
02061
00051
07892
09112
07848
06536
06072
09694
01761
12391
08381
12438
08887
10074
08473
10349
10697
13833
02505
12334
08662
08685
01973
10912
12677
01487
00717
10305
09692
11799
05152
09766
08346
13843
02674
09262
09878
02720
08036
02330
04698
06326
00675
01871
01134
08595
13434
11845
06111
04516
05374
05281
08975
02739
05209
14577
08257
09504
06744
01886
03973
06243
08771
02138
13891
04976
06750
06791
09454
14804
01410
01055
13697
08116
03078
00495
04144
03095
04730
06063
10390
01625
06237
02214
06264
03947
05526
00910
09378
02892
11978
02245
13586
10329
10640
09209
09895
11771
10107
14747
02565
08389
10481
05791
03954
09117
09825
01318
00212
08309
06311
04527
01601
05007
12129
02121
04372
01644
13133
04616
02229
04059
12991
00377
00134
05891
08965
06171
09587
12237
04833
06229
04290
00380
01813
02301
04102
04330
08870
12957
08206
01411
06515
12689
09487
09682
06162
02761
08884
13649
04786
01847
13464
13635
01279
05683
01706
11855
00232
08387
01191
08810
00056
13797
06735
01093
02075
06008
04902
08285
00338
02148
12481
00398
01853
10480
00578
02372
09687
01963
03943
09723
09888
00773
10875
14052
00423
08503
04327
13616
06221
06624
00351
09317
02713
06877
04534
13377
00621
00312
01638
10581
14510
07831
04781
02386
09130
10098
09498
13332
02179
02113
09645
03901
02170
09096
04594
00208
01344
10488
08851
05800
12016
10361
11861
04326
00690
05096
02856
09099
04854
05810
10449
08688
04742
07868
13390
11803
04607
05331
09084
14221
04621
13300
13806
06474
14802
03042
08162
06792
02667
02766
12089
05797
05165
02711
00766
04308
13335
14259
00554
09612
01688
01770
12080
09782
13012
06552
09824
08730
11801
09657
12837
04441
05817
13446
10667
08896
08133
01734
04548
02726
13654
02018
08624
08956
13706
00777
04056
02444
04524
14235
08447
00245
13525
06469
08467
14124
12215
01449
03952
01705
00102
03925
13280
13835
02107
13781
13692
13256
09639
09339
12866
06399
09666
04177
12695
01713
01731
08008
13548
03965
01643
05130
00329
12893
13393
00579
09559
10403
14059
09418
05480
02732
02942
03052
14614
02267
14314
06594
14037
00991
06503
05421
07891
14090
00743
00227
04498
05913
10130
00583
13182
12109
02404
09781
13700
06841
14256
06122
08313
13366
09484
12181
01266
01168
05946
14088
10068
00350
06576
09947
01585
00509
03956
09608
04223
09721
04971
06984
08918
06276
09039
10141
02397
05888
06927
14224
10466
04940
04401
12640
12087
09775
13587
14043
09253
09636
04935
11943
12174
08735
04827
04369
09910
08342
14808
14605
04655
10016
13017
12397
13238
12760
08816
09669
01434
11821
02044
00248
12037
06080
05609
01634
02741
11996
00667
02015
05991
10337
04950
10641
14365
01274
13607
05171
07908
09193
00653
06497
09394
13964
05938
12285
13895
02127
08112
12907
01335
09536
02463
08671
12024
06582
04931
12520
12742
00897
02538
06837
09516
00140
05687
12512
10551
05235
12609
14104
14042
06225
13069
04285
08088
06822
01535
04152
14179
12729
08433
14255
12295
10527
13066
10769
11914
12382
05207
06969
00636
10007
06604
02344
02568
07926
05479
09385
05992
10164
12276
06448
01565
02563
07986
09773
14763
06733
05349
09047
13248
01290
11965
05240
01551
04529
11747
13068
13726
00367
11749
14097
07016
05463
00125
05773
14597
04045
14093
05893
09727
07835
13973
06568
13004
04352
10805
05682
13207
13279
13187
05098
12487
12442
03905
10208
13802
04722
05169
13470
00430
08563
13488
01314
11862
02022
06860
09403
08435
02904
13793
00129
08622
04865
01071
05239
04846
06353
05334
11830
10034
04773
06409
09276
13164
10363
11917
04073
09686
05066
07836
08590
08562
04489
14425
02802
01552
11887
00807
00571
10173
09976
06766
13882
12712
09632
00211
08300
12803
05706
04501
01291
05048
05271
05774
04210
09113
08963
02948
11734
09064
08733
00460
12417
12192
12465
02611
09880
09235
12680
05812
04562
08648
01088
04552
11756
02305
06010
04483
00196
12708
10894
02541
13785
12724
05569
00123
02452
10146
14069
09552
06682
14752
12838
09293
01256
06130
00669
06663
12702
09077
11936
06027
02403
01789
06948
10215
10395
00210
10163
04353
04658
14252
00789
00105
06091
14750
08051
13991
01881
02354
00944
02251
10335
13784
13344
06606
02544
09547
04814
12421
00731
09436
00463
14654
13399
02105
13583
13776
06001
05661
01048
09218
04708
01044
02412
13134
10543
02620
05965
08715
05824
10109
05274
08486
08993
02810
05359
13974
05895
08955
01741
04282
04470
08281
10457
06117
06553
04510
06749
10780
02749
02946
01321
12821
00033
10830
05319
04568
05322
14508
05863
00326
00955
02347
02197
13627
09998
13576
10236
02478
12999
12162
04538
05597
14532
05964
07937
06304
04050
12484
07865
09711
11847
02989
13449
04004
14588
12137
09190
02777
00020
00605
08223
02161
02558
10828
14676
14534
08321
00121
08832
14010
06637
01065
01833
00564
10571
01408
10057
04802
05401
04165
06559
02966
08097
00199
04968
09891
05113
13682
13690
04717
05852
03975
13400
12370
11888
06020
13809
05305
10550
06674
09350
04599
06485
05064
05901
03935
14762
05522
12392
05926
02023
10029
12617
06939
08025
05132
09574
00345
13087
07893
12205
02572
05326
05457
01090
08320
06700
04875
13084
14178
01519
03090
03949
03077
02531
06648
13779
07918
06050
14456
12251
10322
05142
02162
13246
12766
12715
12326
12436
12331
01598
06185
10493
13926
10687
00799
00103
00842
02041
02252
13905
13196
09340
09967
13925
12722
01216
10256
09952
06319
11994
10328
01940
14031
11927
14518
05732
12939
05912
08395
06954
10593
10468
14516
02609
00099
00061
04590
10228
12412
12604
02574
14476
02649
00084
04032
05539
09958
02812
04467
06374
14634
08182
13756
08286
06730
06751
01227
09155
14103
02030
14528
04174
05008
00671
08140
01170
09614
08156
02096
06504
13733
04756
08236
13971
13367
09747
12286
12768
00144
04475
08205
09742
04142
05475
00825
05587
10195
08603
04805
10111
02212
10303
08127
07895
04354
14439
00919
11800
00282
08237
01531
09874
05692
04209
09455
13542
09828
13113
01173
04561
10183
05525
02281
05686
04662
12532
09173
07821
06937
03073
09170
12610
13569
11876
13717
05044
07861
10225
12894
08769
05874
00507
10731
01839
11907
06528
02528
09653
09456
02592
13749
10906
08720
09746
12633
09598
05952
06439
10475
02957
13994
13504
03062
11882
12078
05307
10155
12805
13193
12072
13669
10758
01005
08745
01391
12843
06593
13348
02453
04011
04373
08937
14310
01387
14155
01694
03928
08793
08897
07017
09294
11923
01842
12889
02889
14133
05828
10526
12020
12737
13323
12157
14390
01611
01047
02986
02439
05671
10436
06013
14083
11930
04947
02875
13704
12582
05249
02747
13514
02060
00687
00201
07828
04551
00016
10227
14291
08064
09903
08171
00163
12069
02613
05829
01041
08974
12431
08192
04750
12759
02627
10732
12139
03944
08789
08987
00159
12456
10473
05941
09902
04839
00857
02057
01812
04977
08357
10394
01876
08835
05727
10768
09236
02271
06411
03057
12090
13938
13579
00734
14552
05312
13205
06782
06880
09207
01339
04615
01579
08696
07968
00385
13094
05596
00496
10761
05063
05184
14563
02093
02323
12561
06289
10342
04191
06378
13240
05551
06641
12283
13707
02142
09736
10213
08490
00802
05994
04824
01936
01913
01485
08462
04629
04653
06252
08977
04656
14539
12559
07973
01917
08943
10420
05505
12836
06499
09051
02691
02934
01382
14166
14165
14095
11918
09940
14514
10404
07965
05930
05213
02266
04185
04275
05356
04085
13186
09741
02516
08476
13772
06460
12560
01520
14345
01631
08766
10748
05980
04297
03115
10119
02268
03964
14217
01059
14117
12393
09186
03104
11844
12529
02569
04479
08328
00709
14677
01102
08654
09676
05471
08636
01201
06044
