00396
00371
00559
00385
00101
00447
00530
00180
00072
00273
00563
00255
00139
00481
00472
00297
00219
00738
00467
00688
00310
00751
00656
00550
00592
00646
00339
00650
00197
00342
00742
00644
00424
00735
00436
00473
00306
00516
00103
00498
00662
00568
00333
00780
00158
00171
00713
00638
00694
00772
00303
00397
00127
00432
00569
00748
00685
00657
00414
00355
00412
00386
00426
00183
00695
00608
00275
00420
00514
00544
00144
00146
00548
00366
00316
00091
00511
00242
00266
00278
00743
00594
00196
00492
00186
00482
00614
00311
00684
00070
00620
00210
00446
00461
00114
00529
00716
00087
00494
00504
00773
00287
00089
00533
00133
00771
00084
00403
00352
00354
00187
00110
00613
00260
00443
00633
00274
00703
00661
00281
00405
00732
00686
00249
00579
00217
00488
00185
00382
00649
00204
00449
00718
00359
00407
00240
00615
00173
00230
00130
00678
00356
00199
00417
00254
00369
00247
00330
00410
00263
00669
00290
00413
00609
00448
00655
00734
00739
00527
00648
00280
00384
00456
00286
00221
00430
00571
00235
00730
00601
00268
00611
00226
00176
00628
00696
00651
00327
00777
00663
00431
00067
00244
00758
00380
00161
00774
00336
00558
00058
00632
00068
00564
00232
00151
00387
00140
00252
00622
00073
00522
00340
00422
00399
00138
00689
00294
00640
00126
00093
00490
00209
00100
00107
00069
00308
00676
00233
00623
00585
00277
00304
00120
00552
00078
00518
00288
00322
00477
00647
00500
00351
00580
00116
00388
00442
00457
00038
00562
00302
00279
00374
00532
00262
00551
00445
00521
00425
00271
00394
00282
00391
00163
00463
00193
00757
00379
00332
00513
00198
00409
00666
00600
00239
00697
00111
00572
00604
00673
00555
00364
00134
00372
00598
00162
00578
00272
00554
00368
00759
00419
00307
00178
00721
00079
00102
00376
00573
00156
00177
00557
00455
00768
00098
00610
00679
00770
00129
00495
00362
00708
00319
00541
00769
00722
00243
00581
00400
00606
00575
00470
00692
00641
00080
00671
00211
00762
00121
00065
00664
00401
00506
00543
00476
00484
00214
00465
00202
00561
00343
00179
00321
00745
00124
00216
00452
00175
00631
00223
00159
00764
00408
00753
00295
00312
00194
00236
00519
00603
00754
00491
00392
00367
00549
00460
00677
00172
00670
00509
00428
00182
00560
00123
00416
00149
00625
00636
00096
00680
00765
00576
00693
00737
00542
00450
00485
00418
00143
00203
00083
00434
00365
00112
00429
00639
00378
00147
00225
00507
00582
00381
00724
00119
00707
00760
00595
00169
00629
00349
00501
00264
00329
00710
00337
00597
00466
00390
00668
00075
00539
00125
00437
00709
00537
00451
00389
00245
00593
00701
00215
00635
00201
00105
00590
00137
00248
00292
00427
00188
00357
00165
00411
00566
00104
00528
00616
00375
00607
00682
00361
00705
00118
00540
00135
00157
00474
00207
00320
00224
00106
00154
00763
00643
00458
00727
00546
00402
00750
00681
00441
00654
00444
00289
00505
00778
00326
00776
00508
00253
00700
00779
00471
00627
00496
00270
00269
00066
00719
00229
00136
00213
00415
00605
00062
00109
00291
00347
00167
00731
00747
00350
00567
00191
00630
00250
00483
00545
00168
00440
00591
00526
00076
00246
00284
00301
00258
00510
00338
00706
00195
00383
00122
00218
00331
00493
00755
00642
00150
00756
00586
00086
00189
00565
00587
00309
00553
00717
00088
00583
00153
00584
00478
00145
00698
00398
00325
00433
00238
00018
00099
00222
00234
00353
00131
00285
00348
00341
00634
00267
00166
00725
00276
00438
00395
00212
00406
00393
00453
00298
00574
00077
00728
00174
00190
00523
00318
00711
00588
00699
00363
00237
00324
00435
00184
00621
00746
