14292
05943
02509
05694
14413
01263
08115
00293
02008
14581
04027
05769
13541
15000
09241
02290
14283
15504
01519
00029
01461
11926
05039
07301
07275
04555
05104
13657
11567
14873
04244
09154
10335
08494
15462
14459
05026
12505
08577
01907
14350
01246
12046
08031
10207
07818
13570
02406
09255
14145
00322
07368
05585
01299
04586
08322
05973
08767
12501
13836
14776
04623
07385
10512
15432
05057
01908
15221
04069
04609
00005
02372
05958
05972
13954
01609
00028
06155
11248
13926
08893
14648
09373
05205
08680
08854
05361
11265
03972
01192
13914
00702
10574
07229
07587
04541
05925
01544
04968
00632
12117
05554
07143
02000
10352
06241
14968
00168
01377
10752
01880
15015
01232
13813
10671
14980
01704
08330
11962
01219
14738
11428
12278
02824
09240
00368
07198
07249
15498
10388
00451
01673
13566
00789
12273
14901
07092
12453
00071
00724
08849
08445
04026
02574
08230
02591
10754
04598
05120
05599
05540
14255
01110
04438
07203
07583
08499
07897
11139
08259
14349
09277
01042
05865
02234
02594
02314
00070
04101
04046
15238
01679
13732
09149
03073
11267
10349
08360
10608
14415
13941
04463
00577
00523
09086
06037
08500
02599
11380
10392
09183
05954
11808
14278
11057
13512
00862
07780
00812
06009
07104
15476
13629
12179
04703
10373
08226
11659
01814
15341
10709
08958
15523
10657
14977
02631
05488
07607
13304
11681
00010
02477
08630
08198
04570
02346
01580
15069
00502
14143
08648
07311
08940
12235
08638
07866
13853
10290
07073
14905
08709
14478
02659
08695
09323
01343
04898
01547
02938
15031
04201
01847
06017
09178
05607
01824
15336
04387
05709
02031
05629
07232
04073
00818
07306
02081
11752
07781
08220
06223
14502
04085
00380
14096
02638
01593
00755
08759
11900
10688
07456
08860
05549
08592
02198
13658
02480
11445
05686
04627
07946
07194
04451
04187
10829
02045
02408
10791
14475
12194
15092
05691
07319
09298
01566
11294
11181
08387
08641
14746
08541
14351
13969
13751
14737
04352
14023
02387
00159
05846
04626
02761
02621
02777
14843
01177
10623
14240
04629
10954
13826
01590
10580
04104
11410
11422
00606
08998
01790
10224
00944
11312
05982
07809
07429
11594
11552
00587
05476
12128
02496
04320
08508
11658
11672
02794
08700
08681
10716
05388
04722
15562
08533
02164
09088
10985
08337
14410
04861
08067
07955
13869
05742
08471
05418
05280
10178
02355
14616
05740
04445
05571
14419
01875
05851
10591
11193
00547
07290
00294
05899
05278
00439
11257
07945
14020
01181
13712
14293
05471
07539
08741
01655
14232
13848
15434
08092
09350
04038
04542
00650
15206
08947
10944
04014
01309
14015
13872
07604
15285
04880
01220
04165
08621
07171
05843
11207
05735
15477
08483
09288
12091
14938
13921
15255
12181
01522
10711
13988
08495
08013
12151
00996
02865
01210
07320
04346
10336
05155
00271
12313
13494
10771
00284
02426
03973
08718
10780
01612
05470
14218
14337
02394
01270
00356
12495
00733
04325
14047
04216
11374
05636
01616
07828
01751
04361
14507
07105
01998
04087
11476
06097
11031
13877
11210
14973
07212
08391
01791
04328
07605
05432
01494
02084
10760
15239
15358
14455
01201
07892
01683
11936
02935
05707
08992
01088
04051
02634
11769
01427
11168
14506
08056
01559
02028
00967
00289
06114
01230
04501
15216
14565
14767
02363
07447
05971
02908
01521
02703
15064
01714
08033
12017
07873
07388
01254
12329
00943
01843
02981
08605
02283
11809
12016
07930
10819
11147
03061
02322
15719
07944
01716
07859
11698
10613
14543
03001
11375
08729
08989
08252
14721
11811
01539
12052
09111
01705
00841
10197
13298
00122
10370
08141
08559
05327
14324
05582
12486
13854
11862
09276
14492
04310
05783
14877
05668
01092
14701
05481
07865
13711
11917
02361
14148
08628
05848
13465
05766
11930
10321
04932
10621
02990
15150
02493
08212
00079
05347
10351
01491
14192
12177
04274
05988
08534
13624
07940
08272
10908
11386
15382
10156
08202
02881
14953
04662
11875
02518
05778
08267
10971
08806
04410
08704
03922
07068
02896
14275
09206
10838
04780
07838
14822
00832
09182
14586
05009
08300
07046
01949
12312
15450
01981
07735
15047
11759
14062
15020
11321
15082
00158
01966
14086
00840
04447
06068
03022
02403
04160
13747
11190
06077
00913
15448
05263
05914
02607
05939
05034
01277
07875
07310
08745
13672
08392
14046
08297
13810
00580
05367
11393
08932
04241
00185
14128
10995
08497
08766
01188
08861
14482
01423
04697
14217
08760
11622
00821
14496
08430
12444
11508
01241
11226
05366
11419
00477
14060
09094
10445
11618
04131
14011
01093
01407
10573
15025
08781
10782
01626
04225
07807
02131
07563
12114
04435
01106
08355
02590
07161
14597
11685
04199
13471
05732
08622
14800
14520
15233
15057
01138
01087
10533
07187
05576
11296
15577
00330
11953
00323
04798
08110
04788
10900
02818
15211
04397
11765
05977
13361
15483
15067
15024
08711
01269
08291
14635
03013
14386
02501
12337
00603
00738
14000
08477
07568
15327
12362
04465
08955
07570
15280
07858
03069
05674
04057
09249
08118
10222
15312
13765
05004
01894
03092
12076
03960
03067
07512
11982
14946
01513
00051
10528
10809
09057
07729
09287
15154
07548
06162
00590
08926
07379
02318
02601
00782
11884
14461
15200
14005
13653
12049
08721
01113
02987
04649
04959
08187
14774
01671
02144
01523
02095
05964
13415
01264
03071
10470
08066
02094
07609
07210
12239
05512
01045
10839
09102
13949
07595
04576
00854
12230
07470
11300
03931
10165
01425
08961
02564
04010
15426
07626
04859
04367
01287
08426
12188
10569
12006
02506
01911
04351
11651
03042
14155
13677
14329
10882
08263
14010
10565
05750
08168
11368
14673
12008
05610
05933
14691
04986
08734
10575
15535
07644
09124
14702
01674
12027
09137
15561
11786
14935
12153
10825
10278
08428
11603
05059
00276
14563
13517
01866
02109
08688
06205
08095
05208
08000
01482
05142
12138
08887
06061
05756
07909
04559
14649
08772
10323
01373
13279
02133
12065
08464
14355
01883
14544
02510
04537
07375
04737
04093
12509
05483
10599
05423
11726
05109
15050
01440
12011
08386
12015
08786
02358
01235
08807
04109
14111
08550
05406
10241
07575
14081
01060
07045
11714
05824
14751
01848
11749
10980
06132
04001
13618
15197
05353
07346
14573
07477
13970
15385
13766
13991
00959
08867
05604
02588
05985
11192
07366
14622
12502
06080
14252
11349
15128
12231
07405
10417
01864
04759
07033
14802
04254
10677
15495
01019
02790
04708
15421
01986
02146
12173
07238
06154
08743
10292
08813
12462
08247
08841
13972
00097
02816
07618
01892
11918
00172
11907
13407
14026
07718
04814
10648
00560
07219
02907
08301
13239
08527
05718
05144
04671
10254
10893
03915
14142
08784
06015
02700
09318
13745
03943
01865
10910
13569
02618
14306
13567
09357
07947
12258
14368
09295
07132
05374
01168
05330
05161
00897
08881
11946
04938
10774
11177
12147
15396
14344
00341
01204
11371
05710
05346
15291
10170
15340
02140
10975
01719
10395
09165
07088
05614
14719
00420
08195
09278
07382
11264
14790
04672
07337
10308
01601
05949
07975
10397
12130
00296
13507
12275
02139
15014
08449
15190
04368
15001
02063
00228
08816
11083
12025
02993
05565
15548
12430
05404
04004
10785
07305
01477
08640
07119
04740
14267
10448
01623
14933
13324
10800
05726
04612
08207
08290
05619
09175
08594
10897
05449
11036
08739
11353
13750
01399
14511
10638
13706
12150
08160
15118
12303
10536
07037
00731
10682
13495
01696
11626
05649
10568
06107
13369
14265
02309
04815
14195
11063
04239
10368
05489
08059
11970
11122
08166
10690
04075
13560
11905
11729
01475
11071
07443
12126
02416
00220
04514
14904
12209
02433
02871
15292
08116
08702
04596
06040
13655
12113
05421
04998
02740
14798
07188
01199
11719
00658
11886
10326
07384
01798
10959
00354
08401
05002
11096
10492
14394
10382
05478
08653
04748
00199
08457
07510
13403
12360
10523
00403
11214
07996
11132
14042
11997
00111
04625
00639
11883
13377
00409
05749
10437
10298
00153
12176
10965
10465
06004
08624
04506
07515
15392
13427
08253
00140
13951
07653
15286
08962
13690
08991
14513
14549
00389
12298
10496
02750
14707
04561
15174
11557
12095
05372
11196
10264
07516
01758
11924
14888
05724
05839
00319
15246
14749
05420
00690
01415
12422
12433
07777
09364
02525
02012
05752
08588
13883
10576
06175
04362
04597
13582
14075
05474
05961
02369
07848
11459
05501
14754
01391
06111
02944
13420
08625
04744
13882
01030
05703
01570
10309
08498
10659
15222
15345
00617
05285
10539
14941
01212
15520
02691
08512
07513
10283
05268
08047
05702
14668
08044
05796
13861
05213
11814
04931
03947
02486
11064
00018
11028
12197
14472
07345
00705
07973
01940
08868
00404
14868
04124
00425
10442
09190
13785
08014
04638
00088
08567
15042
02339
15007
05397
13360
13923
00527
14097
02815
00060
03996
11679
15433
11710
02834
05315
01327
15316
08953
03969
12037
09030
06144
04610
01661
07051
03699
14533
11144
15163
00346
02925
01971
10454
13980
02373
11499
13575
05808
10983
01726
13483
07408
07067
00774
02472
05414
15549
04571
13906
12097
04711
13299
00542
09354
06181
13577
02570
11231
11039
11671
04482
07192
05050
02840
07785
02629
04884
00246
08078
01207
09363
10647
15270
00881
11992
07505
05945
10231
01882
14682
04063
09091
00205
09321
01443
14223
14969
01630
05080
00446
02055
15086
14638
06209
08776
11951
13451
11101
14045
04732
14785
07213
04421
14463
00976
11027
14787
02121
04927
11822
00732
01283
13838
05886
04608
00824
07954
05928
13602
07450
11928
11937
00218
10946
00567
14407
10367
08601
07980
12146
07601
00161
08505
00398
13610
14974
02449
03101
11464
14667
01721
02702
10257
02473
02684
05141
04078
10455
01968
13637
08665
13309
14569
14995
08596
10363
01406
00997
10530
05074
13952
05114
07180
07524
13550
15386
04899
13561
00591
14808
08978
02795
10288
04315
08404
07956
04188
01877
13419
07855
14373
01962
14585
08306
04538
04901
01905
00064
04067
11115
08151
02662
15309
06182
04454
12289
07760
09376
13422
04858
10119
02929
00937
03121
08371
15263
10579
02538
15023
08687
08731
10244
15195
01121
00667
04471
11583
11103
11444
04096
10535
10947
10498
08845
05849
05755
04621
11998
01508
05837
12309
11281
02810
11965
00585
14540
08197
10740
11170
00718
01117
05335
02054
09153
14198
10589
04323
02731
07389
14083
01607
13458
12110
11952
00207
11278
06010
11728
08378
14425
02858
14641
04766
12094
11188
04887
10243
14835
01311
10652
05448
09193
03988
09140
15521
04243
05188
02033
07376
05152
13835
05115
05510
07267
05863
10322
10982
02227
08348
01009
08448
06106
07643
14317
11502
00353
01713
00777
04616
09037
05967
14070
12243
00204
14952
13663
07110
11137
01992
14230
14715
04125
15308
15393
10847
00211
00677
15095
03095
01052
13539
13873
03987
00546
11523
09313
01378
08817
14955
02609
00814
11292
07468
05816
02016
07043
13791
14301
14466
14213
08778
04868
09167
00499
15554
02112
01286
11430
04340
13390
00872
11835
00418
15381
15500
00852
08756
01531
07992
14323
08697
08054
11954
01631
02688
04960
04864
12302
06120
01180
02832
12274
14959
07533
14049
00663
02208
01912
07289
14626
08655
00815
11157
00378
15359
01662
08972
04706
10888
10604
01676
00675
11221
00745
01005
02281
14498
08149
04978
02010
11023
08161
15003
06225
07830
00873
02781
00109
09144
12301
14480
00990
14698
13683
00561
07433
02204
06198
01116
01509
02221
00150
13519
00570
08245
03077
04816
14519
14993
06147
01924
02721
09169
00124
08260
05193
15529
14960
00212
08257
08148
12290
01145
10891
04639
01310
04735
11400
14274
12500
04849
08757
06095
10680
10300
00119
09342
04024
08229
08686
11858
04006
15438
05838
11273
10139
15161
11449
00031
12098
09006
01936
14100
14971
03956
08617
14239
01143
11032
01492
02991
07506
11348
11605
13644
00896
05062
07993
07209
09215
08310
15142
02593
08223
10547
04679
11702
07893
13440
02707
13738
10827
02958
15478
08080
01640
04525
05827
05037
00952
10330
06035
10949
10476
14079
01595
11437
00282
01039
14458
12028
14956
10919
15328
05013
08375
00939
07193
08456
05743
08788
02128
08585
06054
02807
11314
03035
01049
13581
02026
02548
09003
01296
10238
08689
04835
04645
11352
14174
01989
01622
00335
14915
11534
11136
02784
10789
00125
12255
07674
11440
14711
14487
12121
02489
12336
12390
12099
13867
01967
10542
10903
11630
00622
10385
06161
15422
14710
15079
04664
05302
02027
04398
02687
05768
06027
08720
08898
03977
14173
12127
08647
10654
08015
07239
05290
08159
12067
04999
08344
00215
02006
15156
00362
07715
02966
12357
08804
04444
11691
08510
01852
11542
11186
05986
00801
00292
07446
02430
07400
11421
05029
04875
15038
08468
09289
10276
15129
04588
08454
02450
04989
07417
14553
10597
10953
10173
01225
09021
04298
07651
00334
14593
07666
12355
07181
00033
10508
05234
03983
03739
08138
11947
07840
13612
07758
00904
07592
07441
14291
14857
15416
15551
00216
14842
02648
05957
06032
01183
02434
04428
06021
12102
14632
14903
07422
11648
10230
13641
02454
00657
01811
10468
02483
02116
11979
14284
02783
15204
04117
04278
04634
05657
15553
11216
10206
00610
06008
12463
06163
15290
05521
08514
02539
01637
14125
07614
00672
05027
00673
00245
12378
05897
04082
07402
15213
01638
15480
03930
11706
14723
13396
07985
07744
08822
07452
12488
01140
00786
08637
11462
05575
13597
04034
01727
00539
01238
00270
14527
08519
12166
07391
14188
08597
15262
01540
11683
07424
02803
11677
14731
13342
02514
10611
14752
05660
13558
00236
05823
02512
01231
12082
13344
00807
05684
11092
03058
15584
02193
08548
06185
08137
12215
08800
10672
10805
10517
01448
09025
12106
07262
07972
11642
14361
03041
11793
02066
08525
05999
05086
11388
13824
15182
11481
10418
11911
11775
06202
03033
02223
08296
15103
09258
10505
04996
02523
10635
05093
03984
01941
09031
13320
14266
07201
08319
05279
04952
13372
15192
11927
07061
14371
14572
04565
04455
02641
09104
04831
04941
11167
01288
11864
13518
04292
12458
08608
10413
11506
07380
08327
11974
00850
05078
15354
11246
04964
09089
08006
03091
08125
00382
07326
15401
13449
00167
05486
13382
05970
00415
13443
08135
04388
09314
13302
10720
10464
03070
05874
10645
05595
08233
11297
08305
00720
14612
02396
10169
00791
15452
12198
13605
13414
00461
11766
11492
02970
04558
11104
14041
01963
04507
10482
02147
15518
11740
01414
12125
14124
10545
06157
00831
15229
09097
07589
15508
02640
09198
00281
01256
12109
13924
06001
11240
07712
07769
06206
04453
06063
07675
03031
02457
06078
02451
10502
11436
09195
07932
04767
00075
02751
14257
11199
10491
15402
03074
11256
11029
02072
02758
02912
11497
12042
07489
08419
01418
01851
00358
08840
00950
05281
00545
03958
08901
07226
12365
00498
08361
01480
15482
01788
07782
00685
08889
10564
14362
07526
11070
00355
14683
14059
11156
11091
01687
10559
12141
00169
07914
01353
04546
03976
11443
14191
04372
05446
14276
15550
07743
11120
05058
00598
11416
08136
07162
07711
07608
13917
13543
10297
15143
07581
01838
00217
07717
11475
13488
05071
05485
12250
14259
15321
11009
13421
08809
02986
11539
05267
02679
08606
03007
08523
03990
14780
02671
14205
15240
00955
12456
11366
09001
08999
13409
01090
02411
14221
09043
04221
08896
07054
02205
06230
08785
13714
00763
00629
13509
02902
00460
11554
00717
14825
01795
07719
01583
07127
15193
07170
04283
08298
02375
04977
02665
04823
15224
00147
08129
14418
01890
03944
02961
02772
05852
14693
04032
01439
05704
05912
07790
01233
11923
08442
12317
11747
14305
14099
04341
09253
00879
12450
03920
13312
07071
07544
14074
02111
11634
13556
00462
00020
11568
00839
00453
07588
03982
01785
00566
13976
15465
14783
11772
08537
11412
02503
01586
01031
13971
14889
02298
03974
00170
01436
14102
02023
03114
00748
05542
12431
01314
15539
07860
11727
07235
13303
06110
01200
08560
08917
11540
01990
01945
08377
13607
08670
13804
14004
11343
07479
00980
07140
02064
12304
02190
00851
14093
10439
02171
00551
13338
04817
04423
13946
01359
07654
04182
10845
12180
02756
14747
06065
00963
14491
01128
14120
10332
04915
08563
07576
00535
10866
14765
08411
07974
06030
06210
11491
07545
04913
04564
08799
05148
05819
05006
04425
03032
15076
01455
13974
11006
00062
05408
10670
04803
09018
05505
02789
01186
04404
01083
12062
05590
15249
11030
14315
11578
05249
05520
15110
04547
05191
04212
01297
14338
08338
13886
00428
07404
15415
02693
04710
08937
14689
08045
09300
10414
11604
01020
04611
01398
14393
07590
08551
13965
13895
14039
07356
04518
11429
05541
00609
09019
11802
08316
08982
12407
11195
03961
13987
05322
02463
05840
02743
02047
00105
09216
00492
00891
08509
11680
05297
12382
01774
01897
02295
12088
11565
01074
01735
15470
09029
12269
12421
01692
03107
01321
06093
11994
15525
04378
03965
15502
07634
02625
00826
05725
01169
00509
05591
13807
02851
03037
08334
00238
13903
13696
11664
08239
01402
10964
08658
01274
02796
08108
15109
01472
11418
11670
08367
13316
13757
04975
12223
02605
08481
14137
14437
14307
01433
00773
04800
03951
11402
04097
14121
14596
01047
07530
14907
02754
12112
13950
09034
05447
00903
08987
15380
02020
04761
11829
14264
05008
10892
11501
04945
00413
02330
04900
05779
13819
04475
00627
15170
14144
05238
15230
11861
15468
08941
02158
10463
12979
08018
08474
14460
07361
11172
05826
14485
10868
05782
07726
07623
10835
12233
02255
07977
02317
12133
00226
04233
01036
09041
05895
04072
04173
06076
10616
08181
05871
08240
00371
04384
05017
02776
11738
12280
04098
13592
05145
10319
10821
06053
08844
04894
04300
05040
01456
15220
10433
04127
14927
03080
07496
14183
07149
04660
07814
08403
14914
10636
05919
08939
10518
02719
01827
00876
08313
07910
13689
11572
08763
15155
00057
00768
07399
08266
07502
02395
11522
08708
08685
01703
15349
10902
12420
10602
08895
07224
07740
11874
10355
01282
04394
15586
14996
15062
14972
13905
03939
02090
09023
05475
07242
14327
15324
13497
07269
08133
14902
00019
12034
00956
15331
13371
02412
08933
02129
09160
10452
04343
04855
04965
12157
02860
03118
01155
14744
08435
14224
10984
07142
09096
07186
11089
07128
10781
11107
01983
08101
10820
08416
13387
05056
13652
14084
09095
08859
15088
14934
07436
10750
00047
02848
05067
07253
13639
05129
00843
01681
02620
12070
05765
07984
12353
02614
05117
06194
11142
12203
08746
00530
05386
08892
04083
14380
02965
00689
00025
11709
14508
03999
02248
13660
02143
08040
13787
13911
05941
11134
11986
08943
11287
08342
05032
13695
13893
00961
07472
09068
00225
09082
06919
11143
04375
14809
06201
12292
14454
00504
02829
06197
08090
05313
04749
13486
02098
09221
11405
00563
07282
04045
05359
13531
09200
08520
09218
14328
15168
05047
05866
06067
14426
13179
01157
10251
13739
08667
00458
01651
15258
04981
01010
00429
10929
00376
13935
11017
08798
08574
01208
02304
11853
00224
15759
14456
15639
05692
02962
11641
13721
14832
13532
11149
02517
07473
09329
06177
05133
03076
01048
00972
15006
01191
13609
07693
00805
00081
13710
14753
13436
11944
08024
06025
11161
05592
00813
07834
13393
11764
13858
00165
08407
14634
12218
08261
11591
15276
10880
12229
13796
01988
04874
05579
01545
01371
01658
14687
07916
04951
04053
10802
00918
12363
10644
11012
00866
02511
00704
07801
11810
08780
04108
14961
11148
10685
10494
02738
02370
04369
10584
01014
02226
14617
07755
10481
11269
04524
00151
02975
05561
13783
15259
02522
07146
13977
03083
05991
14739
02661
08828
11966
07713
14745
04550
15297
02782
02254
07451
15093
07824
00082
01488
11022
13636
00442
02554
10751
14092
10663
14918
00739
14624
08575
11466
04705
15463
06224
12368
15226
02443
10252
02728
07373
04937
04909
05419
04103
07912
12342
12009
07706
12356
11175
07303
01846
10211
07950
03008
02856
10389
14990
11004
04250
13330
14605
15524
08285
13961
07353
05831
07793
00757
12324
11271
14930
12271
11559
11198
14184
01335
08969
11241
04126
04797
05401
08587
04879
04334
13359
13764
07683
08977
08225
04242
01974
04782
14001
12508
13548
05197
08169
07525
04220
15281
11303
02218
04580
11409
15116
07080
00999
01930
00858
04920
09296
11839
13492
05189
10358
10495
05179
04682
05001
11511
11377
00505
15589
07500
10974
07377
00459
01972
00887
13529
05443
01408
00501
02830
10467
14606
05580
10205
04337
00767
13790
08289
07355
15540
14432
04403
15207
14167
06151
12196
00375
04214
11178
04878
04781
00554
08552
08698
13348
14601
13878
06226
14796
11435
07156
13503
13590
11483
14978
10788
11556
11873
14206
04892
11711
05265
13523
04259
11417
04560
11033
07874
09282
04667
09174
10735
14627
00392
01675
01979
02581
08542
00646
07330
07347
00320
10246
11050
05217
05705
01104
00248
04390
11458
08821
13159
14871
06070
10456
07895
11555
01497
12261
07183
00853
00240
14726
00699
08983
01268
08339
08246
11065
13837
13323
11433
05298
02453
15029
05157
01951
01450
11218
04640
06028
11795
05269
03085
08096
12072
15097
09008
11773
02333
09060
11212
08960
11582
01527
01572
11758
07240
14347
10693
10952
09092
07390
01980
00055
01055
01717
15274
10858
01514
13962
02546
00532
05793
08661
09087
07738
14254
04123
02431
11392
07264
02741
10457
00670
01326
02224
08530
14187
00045
02504
11113
07788
12491
10741
09340
04908
08271
08109
09170
04696
02388
15427
05731
10601
05276
09007
01803
07845
11921
05685
08539
08011
00579
05319
10650
14037
10424
10738
05098
00188
11376
05697
10331
08629
04897
10631
10550
10166
01886
15564
00131
13516
07868
02086
08012
00834
04469
07703
09147
14757
05463
07640
02321
11485
00208
10440
10450
13373
04229
01749
04152
11150
07684
07803
15049
08308
12263
09061
11051
08234
11135
01354
00573
01228
04251
10990
15514
12283
01337
10600
13688
00764
12071
15330
10655
02624
12475
08657
02306
05969
01802
13515
10174
11987
02680
01957
09026
00423
12418
14247
08769
15205
02543
09184
08188
04379
11162
14030
05746
13985
15379
07630
02419
11560
08979
10998
07987
00941
01252
15299
04289
00201
08832
09254
14196
14950
04553
11310
02561
04483
04031
13526
02120
04015
02927
08644
00003
07167
04902
04746
05019
08173
11384
00727
04132
01526
02710
05454
04393
11561
10198
02683
04487
08839
10202
07881
13099
14052
14743
14645
15317
00620
05469
01141
07918
12377
01452
01243
13850
02319
07081
12402
15126
11611
05995
14261
08913
08699
08178
09058
07636
11498
15033
04133
15048
10577
02917
13259
11225
13391
05667
10595
05158
01474
00191
05804
04159
12461
05506
10607
05063
05747
00793
06216
14681
13722
11189
05229
00221
07176
12340
15531
02545
05739
07598
10185
01822
02013
10963
15145
14640
00543
15188
09252
01767
05326
01431
08163
13651
10339
01832
04011
14672
12168
02291
08666
07725
12425
14741
07962
04094
04539
05389
12328
00656
06173
02280
01561
05688
12434
04491
07832
01796
08914
04808
15112
04717
11332
11254
07660
13638
08792
00662
05758
03839
13601
14680
12210
01901
10799
07658
00593
14209
00930
12030
05761
11855
14078
00042
13709
09110
04837
10434
06140
15320
11125
09308
07116
05022
14976
02622
11636
00864
01779
05664
05641
10822
01725
10334
14476
04972
10400
05799
08834
08696
00686
05911
14786
05989
13447
11082
04357
11034
08850
08607
11787
01574
09286
03239
08803
04619
13948
07852
13473
07924
02021
10546
02989
00910
08856
07562
11673
11099
03859
13827
09040
15509
05679
01150
00011
02042
13502
13345
14512
08025
13990
02744
08929
03012
10419
10818
02349
14770
11456
15445
15301
12347
07207
01771
15779
09302
01024
12064
10764
02231
01602
02580
04753
07225
02764
05170
05033
04459
11197
00084
06165
13383
14159
12373
15013
08219
09243
08017
00680
02490
11345
06026
07831
13627
04044
03985
00074
02180
00255
02857
02928
04736
06058
11452
08751
10786
02542
02102
12224
01122
02215
02469
14158
14793
05528
07423
05439
08679
13457
10681
06118
12284
04102
04583
00923
12159
04779
07546
00987
07449
04190
14382
07233
00883
10529
11114
11533
05551
10728
06235
02088
04720
04136
01840
04809
00336
07131
05801
04646
07913
12108
04988
01342
09075
10473
13339
00638
07594
07536
08423
10410
15573
10603
15137
03026
14268
01148
00664
07058
05090
07409
13591
10973
05993
11689
11991
07887
11656
14604
07220
01516
05016
01016
01922
15202
02058
07943
00326
02124
07427
13884
08085
05457
15469
04971
05382
11266
01486
10810
05659
08518
10898
12051
05578
04043
00193
08735
11955
05385
02956
09157
00544
02730
12383
04054
01598
00471
02644
12178
03075
06213
06062
01592
02461
04990
08811
15322
07440
00578
00915
07178
13311
10187
10161
07297
15409
15091
11613
13305
14064
05252
08180
02105
03927
10480
03994
12470
11976
07221
11784
10881
02937
10714
12035
05983
09065
01608
14568
04607
03962
04177
05221
08326
11531
10228
11245
14939
00117
09146
05199
14795
11687
01260
12297
07323
10412
04770
13822
10976
07808
01144
13849
04522
04647
02061
02669
13818
00467
00472
08531
10247
07836
12457
09044
11813
01064
15568
14071
02897
15260
08870
14884
00433
01750
13441
04237
13555
04171
11275
11761
08728
14775
15453
02901
08600
00607
01403
05166
15555
14367
03086
14450
07215
11615
06186
05480
05184
04179
12460
14179
12482
15252
04728
05073
00698
02435
09010
03005
01459
02200
01684
14497
04048
07547
08906
08954
02378
04407
10402
05606
04916
04652
13678
04877
14403
10320
14348
15479
02597
15036
15298
01665
11724
01555
04551
11451
14298
05654
08429
01946
01532
11293
05811
01958
11699
01061
05963
05176
00925
11571
05722
04417
11720
07112
13984
03004
08304
04508
09138
06221
01468
06000
04857
15461
10522
13329
00419
12115
13538
05829
07754
02405
04943
05889
02654
02553
10674
05683
05842
07200
14169
05438
04228
15492
11317
00588
02577
02526
07394
07939
04322
05903
11370
02915
12040
04939
02647
00529
15494
02114
01918
00367
07261
11025
10353
13340
07350
04249
01639
05400
05303
01324
07383
14436
00652
15420
10396
02549
12404
15377
06102
00233
04062
10793
05405
12189
02813
08707
08659
02024
11062
10356
07952
13662
14772
11357
07907
10263
15557
09248
08406
11573
14318
11084
05860
08568
11633
01118
08722
08453
12020
15544
13384
02256
05218
14065
08250
02285
10698
05132
11736
10715
01995
08825
00938
05596
02100
02821
00648
13716
08156
14406
01563
01775
01213
10587
04039
01672
13514
14679
15019
14830
02552
05569
01413
02724
07431
01891
13476
10795
08830
07591
07099
08572
00481
02367
03940
01066
01770
03098
02092
05523
14068
14575
00121
15496
10824
02354
11824
07749
03970
10658
08073
06233
09250
00589
02201
14792
14594
02155
04280
05376
07556
09246
14803
00315
04271
05994
05544
00710
09305
08771
02003
15679
13840
13399
07148
11563
06134
11701
15530
12134
08918
11590
13686
05744
01462
11359
00882
01245
02869
04827
00174
06039
11014
00922
02780
15111
01478
00449
04961
08517
01845
11426
15537
08037
11958
14500
00602
10585
07815
07439
10790
07321
11486
09265
01022
04265
11081
00540
15295
12322
01711
01422
10804
13595
07978
05681
02822
07731
06045
05222
01837
09171
00713
14421
15108
13446
10192
01328
11058
10841
15300
11131
14272
09145
12330
05300
15094
12228
01038
08251
02293
11504
08410
14409
10609
07123
01350
10306
15315
12033
03928
11090
09127
06056
04674
05859
15581
05676
15506
10807
10958
01068
05427
15030
13856
05645
13368
13554
15046
14309
05169
15060
01341
13456
07817
02694
09201
01325
01800
11060
01973
01109
14826
08740
02423
05880
04936
07484
00056
05005
08374
07862
05693
07414
01709
11469
05498
12385
08789
00642
13938
11791
01874
00223
03950
04036
05416
07934
13453
07519
08915
04112
06999
04426
12392
04783
02371
10479
02484
05567
05878
04389
12367
04144
07147
01553
04297
05806
00383
02385
02142
04544
08325
00665
02328
00681
00103
13707
07645
04954
02943
10381
01730
12100
11500
04925
04240
08217
08204
11665
02085
05680
15085
06036
08357
12077
05311
04121
04602
04554
04373
15074
05927
06172
04047
14666
10803
10925
00525
04873
02891
02942
14201
00350
04408
07364
00817
01512
07898
00874
04494
02356
13792
05333
04825
14574
09141
04050
07723
15569
00137
02214
14440
01348
15017
12167
14965
05652
07929
08971
01101
00303
10695
14175
07044
01339
01879
11733
11298
13876
13964
05472
13997
01872
07668
08106
10784
02210
08916
07737
09341
07995
07596
00571
00058
05497
02716
14251
02022
02792
03992
12411
05284
02068
14051
14859
09116
02466
15542
12471
05182
00139
10594
14727
13039
12031
00309
04477
11933
07902
13579
00189
07531
09327
01194
07089
05527
08651
14694
02653
11827
05064
11239
00484
10184
04557
11551
10991
10360
04365
12371
03925
11249
02019
12323
07482
10183
07442
04128
02034
00384
05786
13973
06222
08055
07903
14784
10912
14447
01285
07504
07109
12139
10872
07667
00155
02969
03000
06108
02535
08755
15510
13681
00098
11587
10219
12119
07877
04461
11993
15136
07763
00436
14734
01589
11093
02181
03050
04135
07920
00447
04497
13966
14613
01257
12448
02924
11016
00141
12010
04321
00515
15599
05391
11882
07118
05974
11721
00734
13599
02876
12394
10361
08874
15490
08237
13327
14608
08312
01629
11817
14628
13490
01588
13375
08320
05174
05430
04431
02437
10732
14263
07773
11331
14580
02714
05082
14212
10762
10271
14890
00845
01129
08038
13823
11338
06141
04661
04430
14985
13572
07227
03949
05214
04076
09233
03027
08835
05087
08619
00192
08275
15457
07448
04172
04651
09247
07888
08714
01429
00231
08944
00127
02173
05502
13475
11574
14339
11415
13528
00261
07665
13770
13343
14287
03899
05835
05625
04905
02264
01549
02077
01159
03113
12338
11538
05246
08395
00470
02228
12489
11550
01784
06160
05559
07921
10182
08004
08062
02117
10692
04065
00802
13772
03030
02516
10843
07120
09346
04689
10380
05407
14138
08336
02808
02424
01206
10209
15570
08444
01211
02271
10190
00945
05342
13859
03938
11095
08281
13462
08511
13788
13656
15223
08254
07688
15348
10510
12308
01999
02676
07169
11744
08434
00360
13947
11521
08973
14016
01776
08451
00633
08396
11280
01265
05584
14880
04218
01747
15429
04060
05834
08384
04232
11121
09280
07252
07535
10637
12069
00222
11527
08488
05628
05658
02278
13871
13472
13469
14537
05433
08400
01577
04366
04890
02841
09310
00494
07686
00842
00400
14219
14106
11208
09349
02053
00345
04699
09059
04317
08147
10832
08727
07426
08427
01948
08877
02596
09162
13812
11863
11383
02122
11319
12163
09236
06899
02178
04443
02093
01149
13891
15565
10942
14879
04174
08111
03980
00859
10989
01627
11163
00928
01729
07869
07273
03053
04452
14234
05487
00634
11048
14824
00752
15475
05893
08579
08314
07603
04763
12370
04395
00962
01690
04492
02805
12165
10193
11586
08134
04685
11696
09285
12084
10922
05146
14116
05360
01528
14194
02300
06142
06052
05881
10857
05545
14048
10168
08433
14718
01312
13932
02879
00528
01248
08674
00816
10443
10970
02921
01680
05805
04058
08521
14077
06088
10265
05291
11038
01018
05223
13580
01591
07670
08742
14281
02079
07649
13774
11891
00743
07478
00729
07412
11942
02799
12476
02311
04396
05127
00198
13573
05532
01741
02459
04427
12314
10188
05101
01831
08584
11173
02973
04495
10943
09005
11205
02379
03995
07344
05879
00441
10484
00645
07584
07747
13319
04819
14433
05828
10405
02547
05763
05329
11503
02299
00905
10387
10213
13897
05111
08255
14848
14576
08997
00434
00275
07906
05236
14659
11315
12316
00414
13996
14819
10931
10878
00771
04658
08228
05773
00760
14909
02666
08276
12414
07746
05557
02595
02502
15563
10521
12478
01179
05156
07826
05493
11799
13487
11745
04077
14963
14621
00422
10571
12244
08036
15287
04279
10675
04532
04910
14091
01600
07796
05909
01070
05455
08462
07463
08507
06187
03010
10812
15360
00981
06081
04568
04694
13481
04092
07805
14655
07138
14709
08424
13448
11584
00736
13887
15419
04412
07585
13334
01065
01760
10408
11708
13713
04484
04589
11753
01723
01130
10175
08609
08035
11077
02137
11920
11783
07727
14108
03779
15208
11969
12320
15739
13310
01229
01082
11250
07302
14820
00640
10734
00138
04189
11989
13470
12021
05975
12388
00556
07464
08117
04747
10909
04335
11902
02471
09109
05644
07432
11176
15131
13079
02820
07538
11524
05467
04166
02885
05256
08909
13455
11467
05349
02273
15347
14750
10770
02868
08506
03047
00750
08346
10875
08021
13362
08782
04852
13452
10253
12374
14716
08618
11282
04992
01111
04918
07174
09272
10487
10236
15084
02639
08660
00735
14002
11361
13736
05139
05293
04562
10549
08864
14180
08071
05192
02833
11411
03094
00942
15218
05920
01836
10212
04605
11289
03946
01075
13332
14982
08522
08420
13727
01421
05041
11330
12107
13894
04037
00107
14577
14662
08970
02531
02960
06002
14452
10444
04974
01135
01546
05275
05624
02382
05237
07982
07784
10514
03919
08206
05586
12045
15004
00695
07124
06119
07679
03116
11959
01697
05537
10180
13659
13661
03014
13467
08199
13315
15278
00274
11624
12019
14602
06138
01294
07812
00522
04209
10956
01291
14359
04769
08104
04041
15219
09377
14377
02521
04245
11432
02279
14061
12169
12599
10588
08994
11746
02498
11623
01568
10617
01404
12267
08372
00875
14545
07935
11741
04648
07923
07551
04563
04264
10291
11684
04791
05856
04599
02767
04775
01688
07057
14722
14742
02316
14517
02768
15279
11073
15576
07039
14388
05531
01853
00993
14999
03109
11494
08654
01304
08002
07767
13664
05538
14917
01867
04138
01641
04637
06167
05966
04806
04654
07520
12123
14797
04698
05442
14821
10227
08227
08479
10854
11547
01050
10859
10851
10702
15546
07958
14760
08432
11904
05715
14942
12440
10391
14345
13968
07687
04847
00730
00486
05119
00600
13654
02800
02407
11514
02150
05271
03954
02967
04303
10189
10409
12143
08447
04870
01960
08032
00463
11474
12395
08362
07354
13780
09214
07047
13347
05539
14685
07957
04464
10933
05800
14755
14186
00517
04176
08502
11075
00781
04120
11977
15009
15303
08775
01653
15275
02913
04963
13370
04400
08888
04604
13358
11252
10615
07705
01203
11454
13778
06164
05558
08927
04151
04141
05042
08236
10216
04885
07555
02467
01682
11413
02350
10630
11694
05077
02397
00407
15367
13875
02787
08848
04299
06149
00811
07926
00794
01356
05150
14958
03023
11169
07566
06166
01351
00359
00898
12415
00132
01502
07499
13508
02187
01978
13454
05832
04813
11669
08268
00013
02002
05719
03910
00037
05820
07483
08243
07165
01318
10337
08956
08358
01772
07648
14665
10267
07371
08215
01446
11185
13684
08492
08949
15102
04312
02183
06099
08732
03819
02657
05812
00232
07541
00318
07681
11649
10525
14296
03063
13728
04742
08824
11244
02563
07578
04980
12154
11566
15444
11850
01579
08146
00043
09325
09131
05564
04150
05235
04973
00166
00249
10763
07925
05219
05817
00655
04385
13680
14736
07823
00934
09077
14162
00485
00104
14878
10856
14805
13828
02080
07697
09238
10749
02604
02704
07928
05044
01659
12445
07153
00328
07560
01006
15043
07155
01613
15319
12236
00827
00835
12389
00443
00668
05356
08591
12477
05814
13831
09192
02718
13428
10259
12474
12039
14050
12496
09345
15159
12334
02259
08373
13889
13412
02138
10913
11935
13843
00250
14761
02182
10504
08884
15585
08570
11238
13513
07476
11381
07154
15395
07968
04157
14703
01773
01123
05951
14603
02414
13318
02852
00969
02442
07970
02393
05014
08343
09343
14866
04207
13841
14609
07438
01786
15232
01021
12029
05228
07959
08886
14898
05648
00865
05646
08174
01023
04405
07396
06023
04673
13381
14473
01400
05251
02673
10986
01133
10425
09000
08993
05550
01086
05517
10756
00054
04675
05950
13725
05936
08196
13936
08753
00803
08808
07766
07130
07850
01666
11544
02788
05745
12344
01085
10879
02436
08649
07340
00114
05172
08853
00454
00156
01099
15189
04579
04994
00397
10836
08645
07904
10883
05807
01841
14791
05553
02831
01815
10416
01812
08556
07600
02500
00920
14940
00682
00370
10814
11472
07937
09062
06125
10262
10362
14470
01289
01807
05892
00181
02488
14441
15376
15166
14129
05767
05186
10403
05128
02616
02974
02422
04456
00157
10924
08692
07294
07549
07942
10873
13888
15056
04812
07063
08777
10302
06229
08725
11355
14383
11717
10556
12253
02060
09297
12201
11128
05516
00618
05996
03049
05378
02720
14717
08908
01985
14566
14882
14363
05525
08921
00991
07854
14152
12116
04142
00754
11385
02377
05068
02746
10861
02515
05965
11825
07084
15394
07190
10686
14346
15515
05125
14405
08277
14172
01237
02132
00421
10729
07393
04481
05242
00386
15090
13698
06145
12032
02985
05887
08768
07542
01481
09152
11645
11845
11074
10554
02955
11792
14066
15454
05821
01189
02948
13322
05499
15115
00708
04946
07989
05535
05815
04473
10823
12204
03916
09180
02195
09337
13545
14017
11406
05010
05917
13392
12148
01409
02051
07882
04552
07884
02163
04089
08582
01302
14151
02550
06069
11776
07733
01783
11455
08105
00630
11232
00377
09303
00766
00496
04838
11910
14434
11505
08053
04958
08703
00468
05797
10099
03913
10830
05398
09353
00582
10916
11106
08070
15124
05473
15149
11127
08569
01336
10459
09128
07288
04876
07799
00260
10158
12306
10894
12397
08485
04496
10707
04194
05274
02384
07359
15011
11431
04757
14040
11119
11631
08557
07208
10210
05227
14578
10415
15253
07281
14233
13945
00836
13593
02705
08504
11640
00510
09274
15199
10726
14149
02853
01799
13939
01569
02982
07467
07349
12427
08603
04789
07234
07085
11367
13879
02880
01028
13870
13920
14720
04515
15439
11465
13504
10689
08540
06066
08664
11316
08175
03968
07357
05354
08120
11108
00405
00519
14661
05867
05562
10661
11043
07965
15305
07569
14170
00951
01928
09046
02343
02637
00926
12493
04200
09172
05876
10945
10393
14807
04601
05665
05444
07876
11049
08450
13527
10499
07798
00262
15294
11420
09208
04930
10766
06188
05479
11548
08142
02603
04686
05904
08329
02759
00765
12469
09283
08016
07042
13337
13119
05241
07872
01839
01094
14850
02336
07871
12211
07204
03081
07172
06048
08057
13646
07316
10962
14618
02883
08238
11013
12396
08203
08693
14147
01386
00643
11848
05757
10581
04324
11846
05149
10229
00080
14171
10201
00206
14499
00977
01184
00900
14105
04277
12366
02347
15486
04840
07948
13808
07276
01903
08460
14840
08985
10746
05304
00687
01369
04318
02421
08007
03040
07292
01255
15185
04236
02239
11668
08516
07709
03914
07040
01954
06003
00427
11165
07230
05196
13356
08942
14771
11001
11972
08440
10196
01284
01734
00235
08469
06143
02237
11512
09004
01737
05960
00324
08311
04760
10999
10327
01363
04018
13450
00989
07077
13405
14625
14650
15352
05079
02247
07791
03926
14582
02258
08879
05597
13975
13459
11545
11530
14308
14177
07800
01768
08564
04290
01258
08762
13676
03911
03998
01499
05922
12282
10294
15228
09338
00783
11047
05853
13608
07458
11818
04113
01797
08846
02262
08417
08436
06049
11777
00186
04071
05594
01458
02456
08558
12490
04656
00473
10318
02804
10758
01244
01927
00825
02351
13900
00164
04659
08975
10582
10678
11914
05601
07307
03090
02949
01484
05698
15127
10761
11934
00637
14552
05178
00242
14153
07136
10592
01743
13400
10237
13801
05088
08389
04009
06038
10475
05593
05818
14925
12192
08793
01524
04021
13885
11112
10634
02420
00325
15236
14854
05018
01153
05124
07565
01878
07720
08165
14532
10325
09371
13726
04512
01755
01214
02926
01538
05980
12467
14193
05574
04914
07822
15558
08270
07070
10501
00800
07990
04210
08701
07997
01467
07967
15068
11906
07846
02827
14399
11037
00317
10757
14326
09335
15101
01317
09117
14477
13598
07751
00555
10651
08292
08616
01808
04577
14629
02983
08744
05015
12465
09118
13703
02156
14992
11046
04531
10248
09304
15314
05377
09365
14542
10765
12142
04345
01551
04088
04263
10472
07498
08837
01485
02260
08801
12350
10994
10794
10558
08749
10776
13700
11011
11484
08673
12111
12158
01247
14920
12295
00146
04643
01557
07257
05437
11912
00715
11322
11589
05130
09039
12140
11718
00440
10329
05198
11234
01221
00584
11109
02617
11983
11956
14690
05631
00036
00936
08273
14839
07056
04929
07672
00200
07543
07886
02468
13754
14598
04688
11286
05942
05695
10904
02096
14781
05309
12093
04267
02770
00823
11015
10245
08328
14085
04105
10225
10889
01156
13907
02508
05393
09188
11654
02797
04704
02157
10724
04984
04436
12507
02207
02007
04424
03104
14109
10649
07139
15325
04052
08988
11341
12413
02779
08437
01787
11801
09358
05616
08022
02402
05094
04137
15100
11401
02270
02636
01996
04826
15153
05504
08885
01300
11079
14885
10855
13474
07205
09231
15513
05159
08379
15122
11528
01007
04881
07919
13717
08221
11020
02404
01015
03055
07332
06227
07508
10696
11309
11778
04714
10772
11768
13989
14812
05637
01782
07564
05633
07122
03021
04458
02954
07485
02391
01698
14610
02252
02963
05666
11985
01338
07835
04687
10186
14828
02936
15283
07285
06176
05409
13535
15332
09334
13794
02890
11373
14748
14422
05543
11707
14372
13820
01500
11794
05791
11742
10572
14488
14794
01103
05711
01008
00312
04391
14181
07853
15398
13981
05287
14260
03923
14012
08902
09161
07445
03909
07899
04543
00958
07395
08323
00283
00625
02992
12096
09120
08459
01942
02524
04526
00305
04762
07255
12481
04896
14515
04049
05981
00968
11526
04185
02179
11270
05003
01234
02773
02533
14280
07501
01383
02323
04668
15572
11854
13401
13445
13763
01242
02867
09189
12361
02202
02188
10808
05934
10625
02887
08307
13388
10955
12468
00569
04313
08911
04521
02748
01077
15425
07628
05369
04615
04247
10656
12272
01424
09306
05503
05687
03979
01777
04582
02075
05560
15256
05568
15405
04725
07878
01493
14427
15471
02873
04854
05634
14404
02817
04139
11166
04511
10287
10477
05316
09264
00277
15335
08524
04600
04107
00295
14652
15176
08489
08052
14044
11224
14558
00884
13317
11261
14639
05935
05317
13809
11856
11756
01745
04068
00723
11693
12145
11479
05343
10364
11815
08724
14123
06156
00678
02842
13702
14322
07231
08770
01649
14110
12504
00094
01732
09315
05247
13510
14365
05789
07847
00828
02685
07557
11682
00880
07465
08802
05862
13549
05023
08193
14570
08046
04670
08152
07098
07490
11908
02078
01434
05103
01648
14207
07833
15022
09150
14126
01991
13919
00666
15532
04584
15484
02341
14215
04934
14811
15466
10462
10365
07701
05210
00985
09101
02462
09281
11894
07580
14336
08964
13626
11372
02611
13586
00995
02062
13622
08920
01573
14994
13671
08480
04695
15027
04833
08555
07806
10981
02747
02540
10167
08795
00927
07134
09256
11329
07363
00347
14262
04573
10718
02032
07378
10996
14256
05387
07387
02161
13524
07699
04613
00631
14865
13522
15245
00758
05453
07087
08099
12315
14072
02642
00846
11876
05992
14548
01108
05337
14657
15237
11283
13829
08959
01969
14330
07263
01306
01868
05049
14730
13805
14490
13506
14713
00142
07096
14242
10226
08315
15267
15172
05260
14504
05661
10684
09135
10256
12136
01033
12452
01454
08385
14189
08899
10386
14439
13313
00348
04755
10877
13845
02843
13408
09066
05399
10566
07367
01844
00924
11925
02009
11610
14947
04683
14098
09064
13815
11337
02070
14989
13916
08652
02276
03051
04829
12078
15151
02106
07435
07894
05653
14250
07338
08119
10534
04655
07444
05364
07529
06094
14089
00798
10938
07241
02039
10612
10250
08566
13614
05477
08858
01667
07268
07689
13890
01259
12156
04922
00533
00239
11000
05202
02972
09112
10511
13910
01764
08293
05733
11880
09136
11105
14090
08838
05514
03043
05102
15081
01463
02189
01313
12085
05187
11290
07629
01147
12225
00052
05588
10926
14908
04440
06014
01759
15516
09227
07741
11909
02760
04017
04282
11356
04434
01457
04520
08599
07522
09251
05318
01536
00890
02828
02530
13433
08335
05323
02931
08815
06979
02288
07454
13406
00194
10430
10446
10293
02001
07075
02763
11299
11042
07135
08646
05526
13687
11796
05259
00889
02487
11646
04836
02696
01046
14699
13993
08783
14875
07692
01236
14033
00093
10853
04161
10725
13430
02465
01227
01057
02656
04805
00480
10451
10489
11700
04617
04505
11045
04376
09344
15311
11396
07197
04227
07716
10235
15098
08526
02753
14856
02849
02141
04548
10842
11408
14411
11713
02932
14204
04013
07074
00902
14862
00099
11513
01495
11838
11798
14314
05253
04273
05774
06083
00369
02364
00311
01365
14316
08020
02154
12264
00914
04256
14948
10379
02835
00448
06071
10249
15077
00241
00568
11836
14304
00177
14538
07602
00572
08642
05858
15366
08461
01466
04156
02362
05533
07647
05060
07179
02067
13666
10848
01067
01668
12346
12398
15187
00338
15045
15144
12002
05906
13775
08009
02305
09332
03097
08303
11222
02619
14387
02884
11342
13692
04776
03111
10239
00041
09054
14817
11704
02798
14494
07090
08690
04498
13799
05511
08295
02864
02282
05730
14258
00034
08589
05762
00541
00285
14053
14246
02176
01858
05262
10234
11442
15241
14861
00893
03102
04134
00183
01708
02968
02015
05651
04316
15198
07839
10783
08484
11460
14058
04778
00050
11438
14446
01435
05250
01056
07369
12251
15552
04620
00562
14025
11211
08244
05154
13821
05099
01498
11639
01953
09369
05255
14675
08938
09099
10736
00749
10691
07941
13983
01471
07829
07571
07573
11446
04287
04893
07844
05700
13999
04309
02895
15106
08287
13647
12349
02352
05215
08565
05581
14646
00032
13584
07256
15447
04219
04493
05348
02083
02778
08216
01013
12494
06044
08635
05955
15374
00624
11243
14923
02695
05720
01331
05137
09013
02845
15497
10941
14095
15235
09002
00432
10441
09370
00213
14705
02037
05435
09312
08130
07352
12391
07613
05076
01096
07177
05716
00497
04450
15059
02861
02677
08079
04433
08466
04070
14190
00795
05617
07691
14132
01620
07342
02113
08823
15162
04275
02266
09268
02310
00491
05468
00746
15350
04479
01182
00558
08382
08967
05118
01165
02240
02894
13798
08213
02675
14310
05612
01161
12268
10864
07696
01695
04055
09204
00385
12195
04500
01926
00635
04074
00258
10460
14127
10282
10918
03933
00679
11482
07951
08224
01693
01756
07265
03046
05643
13585
11069
14429
02576
13995
07083
15378
05642
14706
01158
08039
14851
01733
04502
05608
07707
01710
11306
12487
08968
13511
01929
07298
06208
09360
14087
05918
14708
09084
09016
11690
13978
01982
09271
04853
02980
05515
11230
00692
08678
05891
08995
10346
14696
10328
02941
14469
04402
04947
01261
10296
07599
01063
02110
12185
02569
05902
08851
04592
15435
02326
00518
10667
08612
15507
14592
11600
04801
07278
08482
07552
00506
04248
02265
10453
01635
05490
11002
04545
00520
14474
14557
00741
05900
11722
14222
07093
13833
01437
08321
01205
02573
06082
11088
01420
04533
05294
10906
08486
14773
08248
05566
00444
14270
15180
14804
15214
12466
13308
00982
14135
00878
10531
10610
00707
08242
14896
04528
07776
07620
05509
09361
02287
08611
08027
00337
01251
12333
12221
08026
05482
14113
01825
00605
14390
14987
13844
05670
04792
00564
08723
12155
13619
14241
05113
01944
00030
00947
02428
04035
04912
15343
01412
08317
01332
12277
06013
08232
14599
03064
10164
11146
01361
02478
00693
07870
07318
08981
00256
15399
07574
15505
06939
11831
01072
10301
12074
10340
08925
14358
14846
14712
02627
10997
07986
04414
14900
13963
00599
05780
07676
05609
14395
07211
14932
07678
12190
01275
08176
01215
07736
14035
01054
08209
15318
02115
07537
10157
06105
05308
01634
00264
15583
10436
09072
12219
13464
02170
07657
11805
05046
11950
13762
06237
02775
04381
11577
05857
11621
15474
08028
06133
03993
10833
08380
12497
14443
10704
08715
12004
10378
12047
05425
02104
07710
02715
14216
01154
12449
13842
08871
11735
10567
00263
07158
08863
10305
01352
14924
01442
00269
00014
02485
04575
03957
07593
14423
10626
04657
04950
00596
11078
02191
15413
14759
01564
00948
04843
11867
12036
11999
11678
12270
11153
06171
02253
14249
07915
13594
08331
11399
14313
15485
05052
01625
12293
06243
05069
05107
11489
08235
04457
09293
07097
08345
00621
09356
00214
00290
00856
04178
05836
14161
14964
09035
02651
08126
01923
11284
10708
11369
11537
15089
01026
00008
02844
13756
13613
14556
06072
13749
05898
07362
10570
00406
04764
07300
05055
09333
13563
07762
11347
02689
05339
05513
07166
07856
03016
08829
11215
05243
12257
15021
10203
11929
02811
00822
04966
04406
05045
02930
02029
12191
13606
04466
15157
00152
05000
04860
00015
13625
07351
08593
04192
14677
08123
15288
05864
11842
04745
07133
04628
04462
10886
07927
07964
11940
01240
05283
08774
04731
05894
12205
04153
05070
13346
03105
05411
14579
05764
04633
14922
10181
01619
15326
14245
05324
10628
15547
01571
01855
01224
14381
04162
09191
14197
04422
07615
12387
11901
03959
03108
09719
02194
13851
04677
15533
01114
10895
13434
07060
02134
11390
12435
01744
05282
08663
11915
08154
11675
10311
04787
13982
00112
12405
08354
06079
12483
05845
14008
10747
09114
01652
13574
03018
01132
11650
00095
00134
14725
13741
08764
01152
13437
12001
02898
00437
04851
05451
11890
01893
05051
05232
13480
14653
02329
14853
07961
04863
07641
04519
07739
14636
00787
00886
11493
14136
01575
01947
06122
01933
03981
05736
14763
11279
11564
00268
14007
02697
10633
08098
05701
01766
07309
13468
05230
00332
12103
00091
12132
03103
10687
05890
08143
00770
02802
04476
05204
01032
00291
12172
01925
02044
08455
15035
07270
15179
01501
06228
02556
15418
09352
15455
10483
01826
05201
11187
07849
12175
14921
15054
07883
02904
14674
07254
13701
09121
05672
01937
04392
02390
12238
02976
08620
03057
00464
04743
04832
04261
08010
15181
13059
02701
08470
08796
04095
01510
09292
12412
05321
01654
04401
09106
04721
00175
05038
11847
11450
04754
05153
01329
12160
01164
02243
07842
04084
02458
02135
13463
05097
13729
05728
12426
13830
05173
11558
00726
14813
04503
04416
04733
12170
09187
04169
07437
14583
08986
11981
00265
08712
08571
15010
04603
03054
11973
12013
11885
01347
05946
02313
01863
01603
02460
04270
02752
10195
01533
01956
07775
10342
07314
05417
09194
15008
03599
10348
05043
11931
10972
00038
00456
01765
13478
13967
08869
12083
03978
00230
15087
08283
03017
14852
15371
15522
15196
05216
11516
13904
14688
02571
08529
02736
14571
02582
04982
14555
01920
10233
14697
02427
05790
02229
14756
11602
12260
02119
01193
14887
01909
07331
09177
15580
10860
06839
08352
14762
08903
11255
13536
13957
05777
02643
10862
05589
07145
08713
14788
08604
07107
00478
04499
02905
00742
06104
02529
09181
09242
14154
14229
05721
06042
01271
14684
11203
05615
14530
11546
00601
03072
04029
15039
05092
03986
00489
12162
11397
11094
14926
07734
08910
11686
02633
09080
04856
13979
10911
01059
07195
07196
15472
08467
09164
13365
11644
05384
14343
05112
14225
01334
05675
08737
15158
11803
14975
07216
02050
02448
14130
02332
02376
14815
00857
10798
13898
13719
05244
04148
10867
12454
05632
00203
09311
14360
10421
10624
02737
04713
14374
11302
06087
10159
05833
04211
04848
15440
02097
08077
14253
10295
04180
12441
07223
14642
14199
02196
13533
01105
06150
05123
15541
00083
12246
14891
06240
13199
07661
11525
05868
02236
08269
05552
05336
09270
15512
00583
08924
10176
11024
13825
15428
14009
05656
01379
01029
04230
02978
03036
01163
02160
04804
02415
07646
09105
00895
14027
02018
13353
07419
11151
11606
01835
02686
13857
01624
10590
06092
12432
00871
05254
15353
15503
01605
15243
02429
11318
07114
07191
11378
02964
05410
10277
01984
07786
13994
14357
15344
10485
02551
05436
11897
05264
05171
07415
15002
00612
07756
07550
00078
04146
08340
00039
08194
01964
11975
00068
12341
13648
11116
02087
05206
00388
02069
04993
00919
08627
10606
14104
15400
10660
15289
02308
05021
07759
05061
04970
02706
10700
05224
04530
11519
02342
01388
11941
08179
15152
04636
08862
01390
10375
00756
00160
05884
15096
11627
08974
10844
08425
04883
14954
11387
09355
05358
11307
15619
14031
00769
00628
14483
10432
14156
12331
10778
11382
07202
13438
07185
02357
02558
04329
02277
10901
13520
04549
11712
13376
11922
01914
09244
01762
13909
05355
15411
07700
00009
13846
09033
09173
02476
08872
02658
09032
00992
14029
14202
06129
02269
10639
04948
07469
15560
01195
01801
01089
13297
12296
15130
02575
03935
00788
01558
07611
02711
15070
02335
15329
11837
09210
01906
04360
07360
06170
15559
10664
05266
00810
00894
14957
01669
04432
11963
03110
14021
07462
14073
08282
00855
02664
12492
04979
14789
11996
11833
15251
11754
02165
10951
05456
07480
01112
13617
10398
08376
15041
04828
01084
12381
05795
11896
10399
08730
02998
11967
15368
14069
13880
14937
04534
15018
09119
07137
02292
07708
01273
14248
05164
08157
01718
08299
13852
11820
14094
08076
00113
08183
09015
15244
10596
15063
08957
04363
07487
08833
02977
05984
10777
12164
12202
07936
05147
06019
02862
14244
11625
13496
14080
02610
13588
01618
07328
14899
01754
02056
15488
06959
11447
00450
04771
14018
01173
02455
15431
15365
11614
10314
05496
07032
13761
04976
13296
02359
11595
11394
08716
13466
06075
01178
06085
04842
07245
01525
10548
07069
02911
04585
10516
10831
07491
05689
08280
13682
11816
04718
05248
04079
09125
00653
04222
10710
00917
07624
05428
06207
05522
01731
08966
04669
03084
08155
02520
02997
09185
13547
12089
01081
11945
09176
05792
08294
11363
00644
00393
08633
01530
02586
07066
04158
02544
11964
08865
02749
15061
10907
02035
07291
04170
14114
00549
02307
03009
01823
00870
02386
05122
14509
14303
07586
01073
08794
11990
07900
00026
05518
11061
13341
04130
02245
01780
14692
14028
10313
07728
01367
08068
11233
12358
00998
14700
15424
14486
00688
06204
05151
07885
02632
01044
12484
01689
04382
14849
11213
15491
10469
07348
07334
01476
13733
13769
10497
11488
11629
07064
04129
09273
11790
08030
08060
10215
07963
07129
13940
15273
00455
05028
11529
02806
11881
04257
04208
02275
01290
09074
14203
14829
10423
10896
09263
04595
11899
13479
13389
05177
01119
05239
08758
02246
00960
04163
09223
08446
01100
11327
08546
04099
14067
14619
07662
08747
10079
00700
08390
00227
05048
02988
05466
00586
10390
07304
00321
13380
01323
04888
00973
02497
11549
02444
07820
07315
02099
10471
09132
05570
08827
08610
07341
02725
00512
10561
09090
00144
05135
11155
00307
07117
05647
08388
08413
11313
11638
14623
01250
04480
05931
02528
12429
13477
11026
11461
13925
10350
03924
05748
04066
07682
05261
15117
11849
04680
15536
11553
01520
09222
00984
04005
08001
01606
14417
04799
11335
05375
07082
09226
02541
01279
08891
04307
14400
06012
05368
06117
14279
02257
07189
13896
13424
00120
07206
02742
03879
13493
05065
01869
04614
06084
05618
15567
11666
04790
11423
02185
04020
05091
07248
12343
14858
09073
13715
05508
15121
14014
01185
13760
00017
02646
00751
04374
10969
03068
13933
07827
14647
12207
11152
07108
05546
07864
04632
06090
05883
01548
10755
09378
00273
02296
15282
02049
10312
09245
10500
02532
09366
04147
02916
01955
02733
15464
00344
07901
01175
01364
02452
00513
07274
05530
07102
00023
14370
01349
05847
07053
08214
01919
08418
11471
02334
05613
00304
02494
11086
00190
01151
07998
11734
04116
07406
09038
11580
14299
06234
10563
09326
00184
12131
09053
13679
10179
14876
08081
02192
11779
13328
15384
09076
03065
06060
11692
04370
00395
15072
01305
08626
10438
13300
02383
05717
07358
08256
10923
05600
12003
07078
07106
00790
09211
05162
12247
15296
07610
11087
05431
12325
15053
00154
11202
07917
14133
05952
11932
11174
08490
00507
01098
06191
02108
01091
08613
13552
02206
14872
05340
00381
11536
13611
12080
00092
08082
00514
00780
14869
04231
05181
08097
07819
14630
10869
15566
10622
00954
04995
09151
08153
14282
12081
08791
11138
14724
07704
04007
04911
04591
01562
15458
14013
02766
07250
01040
02814
01939
00053
15538
07065
04215
01830
11403
00837
02903
00115
11653
12265
13930
00483
04681
03078
14140
10934
04330
04442
01460
08669
08359
14864
05370
05392
10598
11133
05875
02127
07466
15148
11110
05272
07841
15362
01202
08347
12144
01170
07632
04485
08402
03917
14944
07908
02875
07125
10759
01490
07938
04807
14564
14929
12043
11628
15489
08074
04288
07322
01505
14551
14146
04418
00259
05809
14150
04266
13901
08639
13499
02186
00331
04198
10723
07493
01859
14176
04386
00696
10274
11448
02713
01053
07523
13704
11206
07742
10366
08075
02971
10422
00116
03048
08005
05066
03112
08185
06043
14385
00536
00772
08496
11715
00829
08553
01295
06057
04529
10275
00327
00366
03799
04175
14379
01366
05844
10377
11288
02513
05134
01190
07296
02294
00863
13731
02892
02149
02850
06218
11892
09078
11204
01025
10706
00776
04772
11346
13404
01012
02995
02217
07685
00691
08945
10863
08826
09336
00314
14131
03062
11320
13326
02235
11877
02184
08088
07461
02312
12092
02606
14391
00408
05771
06200
14384
09267
04944
01449
04556
01062
05292
10884
07673
10384
08842
11360
05690
12335
06244
00526
00671
13752
11852
12436
05872
05938
11478
13417
02952
13460
02660
10324
13953
02297
15412
04578
08576
00694
14420
11821
11154
07724
02699
14654
02025
15250
15120
10357
15430
10870
02212
13357
08190
10383
15212
01301
01664
11657
04258
15338
10273
07517
13918
12057
10627
04019
02612
06238
14892
10828
10837
12124
11339
13674
07765
10767
02413
14510
04358
07663
04785
13621
04203
05031
06859
07821
00929
15357
15388
01550
07567
12066
11895
14484
10673
01517
02872
04751
15408
13697
13379
11971
11869
00784
04635
04691
13534
02174
04540
07771
02125
02791
11620
12351
11535
01017
00022
15387
00849
11194
03918
08907
11889
13350
08904
11336
10739
08286
00537
07486
10646
01374
04488
14595
08093
08463
03087
07041
05143
04940
01470
11277
12075
05712
04967
02613
15587
01987
09052
02052
04195
11019
12294
12041
07671
14945
13640
15499
02838
10520
01357
03122
07403
08008
09045
15364
13899
00594
11887
01358
14226
07960
08719
05209
10713
10240
03044
02360
11182
08414
10899
15248
00503
01392
08409
07851
07619
13439
05908
00779
14238
00363
13734
15099
14057
07258
15032
15383
14082
09372
15146
15339
04028
06126
00288
10703
00202
04399
13413
14560
00792
13633
08218
10988
02863
07745
05492
00778
08102
04730
00659
01596
11229
12161
13811
11995
14185
00209
14847
08675
15073
05708
00007
01699
01738
04311
05084
14518
11124
05877
01642
04727
15016
15104
04513
04140
00065
14389
14352
12184
05861
12024
04921
04707
08694
06212
15369
02946
00280
03932
14019
07048
00833
08274
00247
15231
06018
09081
10200
04091
00387
11424
10801
00867
02345
08139
05627
07279
15107
04734
13806
15414
05185
15659
00343
00661
14834
14910
01896
06064
00272
05413
00474
13847
10541
00391
06127
12408
11543
02910
14449
05723
10850
08363
10966
00430
11871
08549
00565
07076
02441
10618
01162
10840
05379
13331
04985
08309
15083
02870
02785
07333
01752
11351
05870
10583
14243
02709
08191
14118
11750
11389
10406
07079
09232
11242
05301
01041
08750
02567
05295
11716
06098
05310
10797
10937
00753
04342
05888
11334
15451
04296
02230
11097
05494
04969
13521
02348
07979
00182
01362
08383
08487
07411
00219
14810
10289
08041
05212
09155
07597
00716
01899
02505
14438
06113
00576
05012
10885
11262
01604
09331
02148
11258
11771
04758
15125
07752
04641
11760
08912
02327
04490
10813
01993
05007
14883
11893
05962
00608
13398
12122
01819
02286
13632
01176
08452
12291
02585
14732
12182
05314
02118
10478
00096
05798
13501
09133
02615
02381
10160
14559
13746
08171
00684
04653
10811
00365
10874
11260
05167
04871
08167
01253
02786
08951
05081
13583
05940
02216
11532
04306
00614
02303
02004
02600
02774
08528
02755
14468
00626
00006
12318
01916
04419
01134
08535
11228
04644
02315
07222
00932
14778
14528
09103
11866
01645
00531
14054
01614
07236
07113
09207
01432
10199
02014
13724
08586
14396
06232
12455
15268
08493
02934
02923
14906
07527
15141
10191
03955
08184
08439
04090
11826
11005
03997
02272
13349
11468
08366
08318
07492
07488
14160
04955
04904
07976
02380
15217
00651
14297
11160
05160
01818
09212
11878
11323
10742
10555
12058
09284
00737
07606
01686
01187
00970
04314
04305
08581
00697
01870
02005
02667
13675
02690
11285
09186
06174
00286
09309
06217
10737
04587
08341
07072
12464
11913
01885
01127
09069
08381
08931
12437
02874
06007
02727
02922
08536
13336
13643
11857
10890
09294
00728
10486
09027
03045
00416
11961
04716
07558
10369
09022
11632
06195
14550
11660
07459
12242
11949
01736
04739
10816
02331
10968
13942
13385
15423
05105
08683
11860
08458
06184
13397
10930
12152
00431
04663
07397
01405
08513
11328
12208
05662
04784
01910
13944
05976
12327
05555
15065
00861
13855
04811
14966
15534
08083
07792
01385
08847
05240
04820
08144
12305
04336
07730
14340
09257
04489
02589
11291
12364
11541
05136
04114
10338
11056
10513
07787
04348
08049
11041
12506
01276
02152
04768
08064
04181
02579
14881
10474
15264
14402
05350
10429
10641
00004
00722
00073
09224
01058
05630
15519
12403
07055
00040
00762
04449
00001
15269
10177
05351
00725
12276
09063
01218
00761
02475
05794
12063
02953
00267
15370
01677
02233
08473
02652
05357
07622
05547
10792
11274
13782
03002
08515
04409
14521
08852
01267
07991
09129
07616
04255
14210
02578
01778
05979
02338
01657
05677
11705
04516
03966
12206
14529
12087
02566
01004
10315
07981
05306
05165
10307
11774
08279
13800
00411
10270
09320
10773
14435
00469
15334
15105
04957
02717
11126
13628
01266
04164
14178
04923
00287
01895
05944
08923
13386
00916
07228
12174
12022
13645
14733
14983
11980
08050
06024
14481
01781
14827
01496
07507
00847
04869
10683
15177
13314
14931
14022
08284
02819
07418
10509
01534
05729
04765
04486
04844
02470
00714
00129
14107
05813
00257
12118
10721
02418
08350
00703
09220
06190
08415
13779
13753
13691
10753
13699
14664
08928
04331
13776
11068
04882
12285
01355
04380
02602
02507
02392
10787
01511
07532
11311
11743
01396
02495
07495
14695
06020
11647
08087
14168
05288
15372
04191
08812
03106
13737
11919
04246
15313
05328
00278
15582
10540
11272
14643
14897
14430
01621
05623
12428
09225
01027
04692
14376
02914
13489
02670
08632
14165
05753
05053
11227
00426
02854
06055
00595
04574
04624
06236
08302
13863
13874
11619
13604
10769
15526
07420
02732
12068
02368
06124
02889
05754
14769
05929
04291
06103
00860
04474
14928
09083
10420
02765
11770
11667
01902
02017
14979
10208
11988
07770
10171
01504
09234
03921
08042
07889
13860
11832
04983
14200
11021
00136
10286
00892
01810
10815
00357
02417
06211
15574
05402
07103
11643
05678
15390
01382
12227
11569
05126
10268
01345
01804
05932
09196
07247
01249
01174
13998
13551
04726
10503
13603
06180
02536
03619
13650
10426
04223
04510
04064
00641
02568
15333
11562
02261
13363
11308
15307
01585
14911
08819
06031
04796
07966
02560
00611
07774
09348
13351
14997
15323
11767
01035
07416
00086
02225
14633
02162
01506
02906
14141
07091
01921
00931
11597
14951
05380
11830
11191
00135
14867
00978
10272
01281
08691
08353
14332
04437
02729
08922
13768
15203
08397
04794
06034
05450
11655
02438
07141
11520
08205
05195
08069
01447
14366
02882
15363
01430
10284
05495
04196
12288
08930
12406
04723
14442
12186
04193
00048
07410
01862
01871
12059
08636
01469
02947
13537
00721
14088
01757
10162
14656
12256
14644
13411
11755
15443
15437
12249
15183
14779
11123
11171
04830
02289
01303
01660
14006
01419
12216
15055
01997
07237
15467
00479
12226
09113
04594
01543
00299
14364
03964
02398
07994
15456
03934
00744
00123
11263
14471
07528
00649
07049
13708
10562
14991
09262
11391
07050
01389
08684
01950
02251
02043
12386
09203
14728
06168
10666
11067
08365
05638
12055
03989
00372
01636
11487
05785
08491
02492
05108
10560
05602
07324
07637
04061
15417
03948
09168
05770
01842
11477
15080
01860
07287
01001
08398
07160
15191
03093
08421
14503
13742
00465
14444
14663
00237
07494
01633
00597
01107
10221
07386
01833
14325
04953
04824
08034
05855
15178
05519
07471
14870
06005
13435
07214
10826
11859
09139
01700
04184
09130
09115
15171
01503
02940
06214
00396
14838
00994
08438
12485
01876
13306
00957
14740
07554
00016
04468
00844
13525
02672
07933
15527
01125
12376
04002
01280
00021
14670
04926
00412
03659
01952
07401
10605
06178
04224
15169
09047
01375
01370
07184
12254
05462
13616
14032
14119
04167
14003
02082
07246
08094
10488
11812
05396
10640
04204
14479
13559
13767
03967
05663
08189
14398
08369
14894
02628
09213
01720
01594
11102
08084
07413
01411
07308
01888
02745
14122
02562
11916
00709
06215
00374
02168
04517
07911
10204
11674
15210
00933
14408
08100
05930
01380
03945
05190
01080
05121
02893
00804
10935
04935
09009
02722
00076
00302
08676
10266
12193
00868
00775
00654
01002
05563
11731
11676
03100
09158
01197
00701
07861
13730
02399
06128
10354
01817
00044
12451
15406
11054
11085
13881
11868
05072
07521
01560
15134
09098
13735
07283
14271
05635
11608
07631
15147
04701
04470
05373
04238
15337
05924
11939
15306
00940
09142
02650
00719
08158
14729
05096
15404
01529
01465
10449
04284
08668
00352
13927
07325
07794
08598
02837
05434
00197
14286
13564
08765
07722
13530
06112
07656
11344
04349
05802
02440
01887
10532
08394
04420
00669
11470
00907
08876
05307
01464
02203
04111
07428
04286
13596
11362
15271
14320
08091
12281
03038
00647
08332
04846
11223
05671
10507
10310
11581
04850
11325
15375
02491
05926
06041
09123
13600
10731
13410
02409
13668
10643
07677
14590
15284
05583
04741
02957
15473
01813
04907
11797
08590
14620
12245
11201
04003
05603
12007
06196
10917
06022
07669
02534
07503
08443
10694
00329
03115
08208
02209
07151
07218
00493
05682
01319
08186
01223
00085
14766
13565
15346
00524
04903
04942
08150
08580
09291
00187
02136
11834
04059
07144
09228
04795
12332
01368
03011
14166
01769
13817
01239
06050
07150
04304
00495
05320
02674
14448
04700
01975
15133
13587
12446
11515
08333
15037
10927
10717
02839
01617
01330
00797
13781
01556
09322
12393
06130
05110
08936
00254
10653
13416
04821
05083
05825
13352
14495
07481
04285
03120
02951
10846
12287
08182
07540
09205
07036
01707
05640
11763
05200
02481
00971
13720
07534
05978
07559
05500
00012
08878
05183
15459
10928
10163
08408
02678
08752
14237
12326
07295
05412
08814
11100
12053
00133
14676
07312
00340
08192
01395
07457
08561
00548
08131
05850
13429
07497
14637
00838
05620
02812
14524
04205
11518
14855
01584
05106
01644
12234
12012
05075
08595
01137
04509
04326
07664
14814
09317
13665
02268
01724
14295
05621
11688
04650
03963
08615
07642
14401
01746
13913
00266
07339
00946
02076
05913
02074
10260
10733
04949
15215
12120
01535
00559
15071
02046
14986
00979
04030
05363
05556
13834
13793
02649
08124
00799
02241
01441
02878
10957
11259
00500
14704
10404
14063
02920
08748
13915
10697
10967
00087
15051
13395
05673
02446
04622
13461
05907
11938
11268
01715
04339
14782
00553
05140
05605
05445
02177
13418
13816
11782
11865
10303
08717
08324
15272
08132
01567
04886
01977
02250
11748
00101
13364
15449
15261
13802
01938
02213
04997
02557
05225
01387
05245
13892
03024
11957
00819
15556
10255
05458
11145
08061
12372
13744
05655
00300
08894
10960
10232
09014
07059
06089
04364
01599
07582
10950
00100
08761
15265
00806
06123
02950
00066
11840
10374
14541
04347
08950
01935
08393
11358
07299
10461
15160
05341
14615
01417
00298
04213
01578
07789
05921
05395
04353
13959
08086
10317
05138
12424
14962
15342
04536
00069
05803
05422
11053
05211
02267
10411
13705
01582
03015
09362
00143
07343
15407
05781
03082
03034
00986
02344
07398
08818
13139
05901
05207
15114
01712
10552
15234
13498
10743
04777
10341
13355
10258
07825
10557
11333
01961
11305
06146
14501
14611
15040
13786
13642
09028
02089
07370
00619
02220
08288
10466
02073
07813
01816
15066
05168
14535
12409
00616
07251
13491
00049
14799
15699
07761
00899
15545
13670
14584
14453
00796
14916
01139
05788
09048
07243
03912
02645
11781
14354
07111
14893
10887
09237
00401
07453
09330
07779
04338
01142
04040
01694
00253
08465
01829
00452
02145
05639
01453
10447
06131
10431
05873
05598
01226
10527
12222
01650
07271
02499
12220
02263
13500
08264
05529
14341
13444
05772
11751
00901
08063
05180
00417
05784
15132
15052
13482
15119
11324
13367
01000
13540
00538
07863
15173
05573
12105
11140
14591
00102
09351
09230
08140
00333
08643
07931
09347
00110
04217
07867
08946
01487
13019
12442
02877
04750
11509
08262
11340
14614
14457
00173
14412
14801
11398
08797
13634
04106
10865
13922
01857
01518
01322
01663
00364
03975
00077
14841
14117
13366
04839
11789
14335
02757
04690
11379
12129
14273
07163
00229
12400
02668
13912
00313
00488
01160
04523
10977
13673
10435
01761
05277
04919
05998
12056
00466
02592
02859
07922
10745
05577
12044
15355
14534
11616
00615
01278
09093
00089
13615
01372
08882
15167
05548
02682
10285
11200
02909
07625
02663
14764
02823
00179
15361
04618
06220
15579
11596
05622
05572
10347
08984
04383
02153
13576
05910
12380
07365
09269
00475
14845
01216
04527
04715
05959
07652
05760
13943
11612
05775
07286
15225
05089
07896
10172
01071
08671
01483
04415
05751
14319
12348
02447
07949
00712
01854
02126
09266
15442
02771
08278
14970
09042
05714
08754
11080
00964
13937
03937
10915
13374
03025
09011
11052
05233
04845
15194
07890
08211
02071
04149
01217
11496
10632
08121
10333
12354
00149
10992
14334
06100
06152
05394
14311
11158
01728
11576
07999
01124
06029
00740
02945
04350
14392
08023
01426
04301
12171
09070
13956
12352
05987
11098
13865
07421
00178
01428
06051
14312
11180
00438
04268
00339
13354
13958
10987
08948
02232
07811
10506
09235
04956
04023
00574
12187
10269
08431
11010
04119
10961
08726
02048
11407
14671
01587
05738
00581
05841
14546
11217
12369
08170
15481
11220
07804
07034
12311
14816
07509
04260
04569
14285
08573
11575
07086
04000
04841
11588
13335
02826
08532
04889
06033
05426
01308
14112
00830
14302
14235
11593
11008
00394
04308
11076
04448
14369
04818
14300
10537
06136
03936
08162
08873
08934
13620
14356
08980
04773
00130
15356
09217
08996
08855
14514
03056
06231
13553
06115
00244
05737
09049
02365
06086
13667
07810
00435
05203
08656
01222
15165
10220
01821
05484
12014
08441
00252
12090
05286
08128
01722
04354
13394
04056
07772
14919
11806
02400
07694
05331
09067
10629
05383
02626
03679
10730
02249
11739
02559
12300
00195
14056
04115
00457
10458
01873
04786
07561
13321
04460
08043
06158
02353
04756
07101
11828
04891
15397
01763
13955
09050
01889
15578
11843
13773
05626
04478
02900
04467
11898
10223
01043
12472
11844
04110
07514
05325
13908
02439
07768
07638
04155
13723
12000
08368
14998
15209
15078
02242
13485
08880
11703
04168
07115
11579
01632
01078
03942
14375
04987
04295
11804
11823
01611
04793
04411
14686
08705
13864
01320
02238
07425
12018
11141
10279
13432
10261
08857
12498
00592
10993
11635
01748
01643
11117
05258
08672
06203
00983
10871
15389
04086
05452
02984
15302
03991
11055
12232
14600
08422
07062
10401
14321
07783
14913
01597
15441
11164
09012
08405
06135
13635
11209
11762
11592
02846
05220
14378
05334
01298
11118
06016
00399
00966
15493
04008
09122
00308
02474
04344
01115
00623
00953
11637
04867
05536
15257
00176
14967
04593
14236
07969
13562
01307
13814
02739
04729
12423
07795
13333
01079
05024
12183
08356
10372
09020
04666
15026
09163
00316
12079
13693
05905
14768
05465
10526
13784
04752
11903
07175
10817
12480
00072
07797
01438
02587
08089
13789
13931
07100
07313
10394
10551
07095
01970
04606
15227
04676
00949
02302
00557
14587
01740
13431
05741
10553
09024
00482
14231
00888
01691
00210
05611
13758
08122
00575
06169
13484
14397
14342
01034
08476
06121
10345
05095
14294
07035
14895
04866
04535
10620
08623
15588
02219
02712
07374
01198
07126
12345
08112
14833
15242
01789
13649
04472
08107
12417
02584
15123
11807
05699
07280
06046
12443
14818
06193
01011
04810
02065
08258
11395
09079
01931
03020
08065
04327
08677
15164
01171
08113
01685
00921
04356
01554
14658
15113
15575
04439
10727
11780
11495
14269
01943
13685
11617
02793
05390
00002
02565
11601
00390
11365
14451
13832
13623
15446
07579
00349
12026
00243
13589
13546
15460
02735
11872
01994
10914
15034
13862
06189
04272
02374
05020
14837
08003
05990
09056
05854
08545
02284
00877
05968
04962
14036
01051
01172
05175
08965
11247
11507
13325
04022
15571
02598
05365
08897
06047
14526
15293
01515
13542
07891
07277
08200
04774
11219
00975
04719
02734
12241
12310
04566
05424
04202
03096
07764
04262
02866
08634
02479
11652
08501
12048
00706
01753
08810
06242
13630
15351
00534
08733
07750
10921
09055
07843
12237
05669
07577
14874
15410
05035
13902
14539
07284
02608
10619
00965
05734
10242
01881
05953
03719
07182
12266
02537
07748
08650
04234
08662
13544
00935
02432
15403
00885
01196
00445
11183
11276
01384
01706
11441
15028
04709
05270
08631
02123
04319
11072
02769
01315
05459
01656
04281
10662
04154
14531
01445
08072
01828
06109
14157
09375
09301
08706
05997
02801
14277
08682
04302
04413
12503
14038
01739
10905
00128
01702
05915
05882
10779
01898
13402
00059
12061
14076
03929
13743
07474
08883
14211
11517
05491
12240
10524
14288
01856
14589
02918
00912
02038
12410
05830
05787
12137
05937
05299
07430
01166
08503
12999
07372
00604
15304
00511
03952
01576
08478
09108
01646
04118
05194
02036
08145
00310
08935
04665
05030
00373
08103
11599
00660
07837
11159
07460
13425
00061
14228
13571
00035
04581
00196
08222
14523
02107
05344
14493
14182
10979
07173
04333
02583
14505
01126
11044
08805
14489
11984
15044
09367
04642
04631
05464
10376
01507
07121
01397
14981
15517
14936
07732
08919
14428
13839
14669
10834
14836
00490
04100
11463
07635
07778
12959
07621
08543
02886
14735
05441
13759
05036
10427
06116
02320
09368
13718
09328
11732
08905
13307
14988
14115
08578
00126
13423
00301
04429
04183
10948
02199
15277
02366
10304
04145
09100
08547
04042
04253
11943
08364
07802
01628
14536
02197
09036
07272
02445
04872
02692
08736
03052
10849
07293
05345
14467
07953
11111
00027
00683
13934
02175
15175
11040
05332
11663
14831
01610
01340
04834
01809
08820
13795
12248
12073
13669
02059
09166
13748
04293
02301
11184
07335
14333
14678
03066
02482
05025
01934
00145
10920
00067
02101
14562
04702
13986
04294
10490
05362
01394
10359
01131
10343
01794
01915
01932
00024
15135
11304
09374
01451
04122
14431
12101
08544
05460
07572
03759
00909
05696
01900
11404
08614
14863
14464
04355
11457
14516
14214
14220
11179
10280
11607
04235
14844
08048
00279
08562
01917
11948
07680
07633
08210
05131
02425
01884
08583
11510
10719
02151
02519
14103
09051
11253
12416
07702
11453
11007
03003
07553
10939
07698
02091
00148
10665
01316
02708
12438
10316
10593
08787
04724
14465
11695
10978
15391
08866
00090
04822
10614
01904
12262
05371
11785
05810
05296
01376
05403
13301
04678
12307
07475
07217
01965
14424
13426
04081
10748
06148
04012
13868
15254
10806
08843
01537
02855
09017
03639
08738
00162
01861
15511
01820
02389
05273
02836
03117
04895
12060
01401
09202
12213
00869
10722
07164
14660
04033
02630
00674
08201
11978
09260
05011
14522
04226
10932
04933
10155
05896
13777
12375
12252
07244
11350
07381
05947
01292
14163
14554
12401
01410
07052
14134
15487
06192
07695
13557
11661
11295
03088
10586
08231
02847
15140
01346
02809
05338
07159
15186
07879
10543
10796
14631
10699
14561
11473
12214
03941
01076
09316
14567
08875
11585
13755
11251
00988
02057
15201
09148
07327
13928
12054
05429
01849
08952
10214
09275
02130
09229
02169
07434
14860
00809
07659
01959
14445
03953
00508
11434
14414
14024
06101
06006
11480
02623
15005
02159
07714
00118
12050
04684
00180
11888
08976
03029
08990
12038
08164
14943
14984
15058
08029
14034
07612
10676
12286
10936
04359
09290
00163
01095
07407
12217
02030
07617
07511
04025
08472
02325
05257
01262
04906
07019
13797
01834
03006
02555
10669
07336
01806
11968
00906
02655
01792
11235
03028
09143
11414
04924
10744
01473
12135
09156
01581
05534
01344
09359
00251
00711
01393
11737
01793
07971
10538
11609
07721
11730
01647
02167
08058
14139
07905
11425
13578
11800
15501
11354
07655
00908
06096
06245
04252
14547
08249
01167
11870
10701
04197
11326
04186
00046
00820
00516
01102
05869
10493
04276
00410
05305
05231
04712
15590
14912
05706
09126
07038
01701
04371
07983
08127
02172
10194
10371
00808
08351
01069
07168
09307
12200
01479
11757
11035
04590
07857
10218
04572
00476
10544
07650
05727
01097
00306
06091
10519
13960
11130
07152
08370
11723
09209
08890
11879
05956
06153
01542
15266
00402
01360
08265
14806
08831
09085
02011
01333
13771
05916
02041
00747
02244
11018
08554
04917
02222
04862
11570
01670
05085
05507
01416
14289
12473
00342
11236
00636
09107
05116
10712
00521
02410
03089
02994
11841
04446
14043
13219
05440
10428
05381
12005
08172
06059
14208
02723
07757
01003
05312
02324
02681
01136
01541
14331
12104
00552
08790
02340
10775
14758
11697
07317
01565
01293
05923
15543
00106
00351
02726
07260
14607
01120
06073
10852
10668
