02880
08328
09512
04046
11309
06460
05989
12159
02274
01740
04812
03795
05636
01519
03776
05289
01142
00656
07230
07924
00876
06557
07440
06805
08121
01770
12001
04847
04265
02229
00702
07407
06542
09609
07340
00539
13351
08231
05788
09778
03064
12289
12407
05482
09019
11730
12002
11267
04719
10489
04653
03854
07813
08575
01956
07214
04651
13538
13222
13570
00433
09142
12692
09028
08194
04541
01841
02045
00668
07285
08441
03898
03952
04380
12070
10706
06954
05257
01089
00860
01185
08395
00297
07324
11089
05386
04207
01240
02063
06538
11626
11556
12834
11628
08407
07533
11286
10825
07226
01232
11202
13205
10732
02139
00323
02260
08800
04111
00103
05912
10892
00890
03435
00506
02244
00226
10468
09976
07603
07316
05194
04549
01794
01481
10873
05602
04909
04326
11223
04388
13005
02711
05904
01251
03931
12737
07693
11900
05026
02542
00240
01936
10532
04916
01205
13531
07744
05374
02714
10188
00367
13177
02403
11172
13323
13488
10870
12901
06648
13555
03904
00803
03449
08705
09999
06052
05678
12389
02813
05085
09972
09744
09365
02381
13508
11853
05820
10652
06686
01134
03683
12281
04752
05022
03155
11444
02509
04923
00107
12105
10587
00511
11797
06854
01811
09653
02405
09109
10974
01614
06518
02107
04849
10211
13172
03405
06486
08006
07115
01600
11809
09033
01491
08924
00398
05337
12772
05296
01068
06850
03099
07929
00394
00406
12594
03414
03480
12902
09737
05105
00006
06666
00544
05086
07901
06564
12218
00988
00010
10012
08277
05783
13254
13520
00295
02421
08636
09775
00149
09697
07688
03447
01092
03813
06869
02261
09299
02742
12757
06998
04710
08494
08888
04757
06067
10845
09436
12204
00158
05412
03265
01983
08216
05975
03436
01551
05301
06936
09790
12266
07181
00923
02882
06492
12318
12135
11941
06828
02040
00037
05514
11815
13459
00382
12288
02287
01541
04408
05059
11560
00599
00482
12363
13363
05543
07538
09004
05243
04204
06984
07213
12819
13173
03947
04387
13202
12323
10087
10439
09823
08676
00214
13552
06865
06421
11382
10511
04181
10493
11880
11369
00858
09719
01728
12240
12559
08107
08619
08408
10313
04612
09523
00409
09121
12946
04654
13413
07328
12727
01244
00882
08717
06670
12428
10669
00518
06667
12049
11259
02978
12668
11398
00563
00051
07662
03250
09756
04469
09510
01161
06605
02089
07450
06612
11957
06118
05518
08211
01570
02633
10404
00192
00483
02550
13321
07568
03884
08141
13093
12260
08004
04709
02937
02002
00866
06208
03135
12800
11209
10008
01790
12321
13072
05619
00722
13397
10140
09112
11461
03639
03226
08934
12704
01718
09221
08084
09150
06950
00320
12424
04993
05148
09492
06841
06927
12630
02850
01607
05427
10184
06440
06671
08302
00256
00533
12412
03885
07781
02957
13214
11820
02353
06712
05633
10887
02644
00606
10338
06229
05232
06639
04284
07399
11625
11698
03520
01468
04485
03661
11584
04434
11796
04450
12813
04016
00742
08605
07397
07478
07443
04592
06445
13455
12445
09646
06588
08073
10408
07724
05675
10287
10815
08755
00947
01670
12245
03020
08593
00710
07172
05393
10729
00436
09940
07615
00463
13535
12146
09561
01372
00021
03392
10749
05748
04319
07361
00477
01423
03706
13018
02189
09163
07984
06539
08720
09736
10746
02934
11834
06932
08267
07974
04887
01833
13208
07760
00139
00952
07125
05716
09228
02383
11785
01001
02825
12113
01720
02815
09570
11371
09558
04270
12340
03101
03259
11965
04321
11077
07790
12381
02961
09464
08912
02845
11495
05005
13560
06237
08270
10265
05506
06436
09448
04824
02652
03166
03958
00112
08001
02138
10095
00648
06829
10416
12076
05433
10046
08851
06964
11635
11163
06823
03192
13180
01490
08632
12723
08256
09759
11402
01431
02251
02259
03941
05753
13034
11284
02348
00096
13372
02595
10212
09806
04197
08920
03440
09655
04077
11982
08125
03012
09092
06465
04524
03705
03830
11341
11283
10261
10231
08304
09306
00360
10728
02247
03235
08859
04386
06106
05929
08331
01361
04331
03954
12211
10727
01455
07265
00475
10737
04626
02891
02262
10888
03972
01485
07257
06405
00391
07975
10128
08388
05936
10237
04322
02217
11484
11233
04931
04933
08831
09658
13563
02568
05034
06099
06627
08772
11416
11679
03878
05695
08484
04995
09677
04871
07879
08077
11571
09420
12716
07419
07173
01971
12775
07717
13558
11024
01294
00440
03652
05536
04778
09549
13156
01413
00547
03549
05300
00278
03399
03041
05713
11984
07968
03358
11100
07878
06676
12905
12301
00363
13190
00636
01887
05349
09608
04518
11643
02393
08897
12535
09934
00493
05489
13497
10835
13170
09548
09835
02250
01690
04071
02432
08742
07184
01230
05220
08189
10005
02563
08051
08606
01576
01486
06678
12330
10379
10202
03892
13326
12096
11559
10487
02869
13141
09107
02654
09030
01243
12079
02146
03809
06434
10840
01495
03230
07178
12239
08603
08336
10112
06966
06269
02502
10507
05876
04045
07387
11949
05894
02233
07073
04053
04714
11257
01911
07559
02021
02404
07371
00090
01151
13640
05134
12028
03975
03003
08457
08248
03910
00417
00459
06798
00104
06402
11789
12597
02124
08566
02105
01737
10126
00820
09822
02740
08195
02198
12830
05623
08556
10114
01253
02485
10079
03872
12459
06591
01893
09140
06514
04343
11894
13435
12783
00785
07789
12207
00879
09230
09293
04514
06743
00920
02590
00179
03045
07277
03869
02331
06645
11438
02548
01386
11753
08138
03445
10235
12064
00562
01219
07689
07470
03732
03709
06925
01648
01761
02461
13016
09571
02325
04598
09908
10768
00791
08835
04823
02462
07034
13545
00857
06943
04578
11300
10814
03541
11071
02213
09242
11400
00124
02239
08780
11561
02805
10884
03837
05176
10556
02129
03103
05976
10190
10718
04030
07062
12139
00651
01247
12880
11646
11440
09472
03365
01323
04699
04944
08249
00484
01364
02196
10710
10224
13071
08976
03330
00061
04520
08620
05781
07276
09664
08744
08228
01212
12864
05658
05717
09229
04384
01090
03122
08187
03589
01707
04443
04659
06114
06019
05048
11827
05995
12822
07266
04787
06771
01186
04856
09831
00559
06512
07219
05033
10854
12282
06261
06637
08777
03673
03496
05969
06224
02945
08807
07885
11205
10951
05540
05323
02059
09546
12090
09733
03701
03047
00283
00338
07031
04998
05381
13240
06200
01382
08327
12280
04872
03933
10498
02570
12205
10306
13145
04348
01428
03717
05153
03916
13268
05224
02629
01852
03431
01429
07883
11417
01444
05198
05622
07675
11080
11498
06831
12635
02681
03010
12982
10942
02467
13059
07342
03645
03268
06337
00584
04395
13597
01162
11925
05732
10312
02209
08009
12838
07787
02163
10506
08038
09605
08503
01553
08218
12807
02993
04498
10923
04527
00872
10260
00542
05376
04294
10474
01751
13251
13551
07997
03935
09628
02366
08783
06095
12138
07044
06448
00946
09321
09292
08810
04399
10701
05283
07850
09935
07848
10611
12580
11592
09962
11501
04239
11174
04671
10368
06381
07154
10471
12283
01478
06213
05911
03079
11374
12250
05470
09715
08703
02359
02216
01826
06367
02581
09848
08656
02090
07708
06241
04639
02014
11342
13010
09939
01057
02056
00781
07928
03397
01115
05683
09713
13590
03342
01662
13098
02302
13433
08204
12175
07681
05777
12747
09359
01926
00747
10196
06479
10426
04868
01295
01285
06628
11554
00637
09541
00604
06631
04152
03909
03600
10668
12947
05666
00481
13495
13092
08101
01204
09890
04341
03196
11200
08309
01810
10633
07712
06550
05805
05812
10735
04711
12890
07590
04024
13588
06071
11066
08393
04805
03507
10937
03149
00072
08925
05864
00827
02718
13048
04973
05129
05163
05320
00184
12676
02343
04231
13184
00008
10702
00005
10915
10830
03897
02230
01453
04277
13492
09258
02277
11368
05439
08185
02854
06606
00091
10267
07683
00434
07330
08610
04985
07544
13577
11877
07957
01755
05149
12418
06544
13461
06158
05191
12600
05590
09021
09860
01954
06173
05219
00274
01411
12100
12721
03278
11687
03558
04697
05306
05332
04127
12255
11942
07910
08294
04796
13352
01150
04845
00057
07976
06896
13155
01317
04906
05970
03046
00334
07460
08024
09895
06880
06634
03641
04431
01479
07202
11412
02316
04547
10068
11479
08083
02368
01929
10143
04691
10236
03471
10092
01534
06249
03636
11321
08932
10561
09274
05035
08950
00187
10713
05109
05070
06063
13603
06533
11883
09997
11324
05015
04327
12760
05762
02680
02419
05769
00148
08478
01027
07852
11781
06336
12032
13117
09255
05012
08325
11315
07243
03677
13499
06985
06868
06942
04205
09800
13055
07323
12497
10025
13030
03971
06348
08773
10041
06110
10372
10377
12253
02356
03987
09215
01500
02500
02001
06917
10043
08092
03306
08724
12714
11855
09173
09240
12486
05871
09537
13219
11888
02102
04001
05497
05761
09705
05823
07212
10574
09455
02939
09847
12152
03640
10599
02583
00018
01081
04493
01937
12432
10458
06803
13168
12808
06563
03563
06466
12792
13441
07676
13421
02717
06996
12711
02796
00236
09621
03368
12761
11347
08203
05087
06076
00098
12732
09151
12120
10934
07271
08854
06986
09303
09012
06175
10282
00821
12515
07263
05027
02800
08296
03727
07383
13430
10748
09731
11293
07660
08863
09076
11452
00305
10508
13227
04481
11907
12158
08630
01934
02342
05569
01348
02662
03138
09553
00041
06647
11728
02050
12102
02582
11727
03351
11620
01894
04866
00492
05600
06195
00770
01768
04668
10920
00186
02562
04060
03385
01597
11563
01392
09223
01457
10972
06602
02010
07514
07847
01288
01685
09128
05268
08060
05001
06525
06117
11359
04767
04482
02735
06824
07925
08633
03002
09700
02576
11629
00776
09039
11733
07641
08366
07247
06971
00909
10868
08531
12707
00116
09886
08506
02062
13060
06846
00451
03394
08721
10695
03513
10440
09044
02910
00163
01432
10786
13392
12050
13217
06283
12661
09264
10596
05849
13451
08067
03415
10782
07503
00294
09148
10560
11671
01623
01087
03805
13083
05671
02560
02605
06113
06782
11135
11601
02862
08183
08306
06350
01552
05665
07185
03865
00501
11924
06305
05649
00349
07507
04260
00707
01978
10928
11326
00289
03382
12437
12005
12443
12125
10822
07686
07723
03763
05682
07518
08860
00676
02199
05559
02416
06394
00546
05809
01752
03538
08238
02967
13410
01112
03143
13348
07963
02751
13345
11121
09086
11173
07446
11825
10961
07815
03936
07472
03404
13064
08666
08176
09661
11363
02332
07136
11240
06819
08740
05475
03774
02479
09333
06511
03824
08806
10719
08797
08036
07394
13528
06265
10102
10828
07011
03243
04742
11621
01171
01160
01530
08053
00640
01466
05747
01224
04536
09929
00788
09740
04479
04124
06132
00438
04027
01681
01470
04020
10479
04191
09037
06431
07152
11980
08607
00667
00013
02917
11523
05322
03290
09578
00871
02518
00170
01847
12339
06814
08628
12262
04304
05510
08363
12997
10949
11793
06924
13504
00659
13630
05882
07794
11345
11779
10933
02984
09304
07403
08532
12055
13194
11058
08802
11780
03212
04759
12268
10262
08588
11333
00345
07228
11837
09246
10696
12918
13618
03170
04949
05382
13187
06967
13200
10932
08247
10180
02895
11845
08436
07516
13387
00113
11266
13186
12697
00652
11303
08646
01572
04288
10510
00410
00795
03147
07451
05476
02201
00724
06919
05920
08804
03658
04509
13324
03291
10088
02640
11737
12636
13440
03940
10697
00412
02120
12970
11938
11194
02604
09746
08449
10824
05828
08446
12167
00351
00157
06817
11488
11116
00644
07745
10807
08354
06770
07290
04756
10341
04055
08259
03432
07633
04268
02772
12849
09814
13075
09096
12645
00218
00980
02659
01706
00422
06068
06219
12490
05787
08091
07497
08644
03305
03210
07810
00504
04765
05077
05653
02477
05032
02615
05413
09567
06646
08339
02220
03075
11754
04555
06143
05984
07126
07670
04086
00299
05177
07088
03680
00853
03578
05250
08582
09143
10861
08993
00967
00316
10645
04241
04622
12567
02953
02193
04585
00455
03881
08257
12913
04786
10889
00995
10953
05260
13287
02648
06835
06260
08522
02349
11483
07014
03146
05251
06183
10671
05672
08489
07300
00196
12020
09915
01220
11008
04235
07700
04015
10778
02908
12861
07995
03574
06497
02677
09200
05593
01293
00025
07166
06109
09124
10698
02914
05330
09954
08974
12983
05299
05343
04897
12526
10682
12415
02207
07474
10855
09437
10572
02700
07424
10061
08692
12154
00322
11504
06548
01897
05186
13301
06326
08815
07454
06580
01312
02858
07534
12803
09529
09053
01825
11104
03007
09620
02907
10233
09353
09465
10628
12080
04104
06393
03681
02157
06146
00225
11126
12903
09029
13271
13127
11336
02701
05836
10997
13276
03890
02565
03703
03925
13403
04905
08010
04842
06905
07490
07822
10152
12927
04666
00166
03279
09139
10614
04022
03336
12054
12406
08821
12442
10717
02894
07602
09379
10106
09402
02873
06641
11537
05235
03518
09998
10004
01859
07773
08042
04335
04203
09078
01515
06752
06179
02234
03231
10056
08542
09846
08190
00624
04915
02546
05525
04180
05396
12785
06430
04462
07580
11645
04603
12456
07393
01036
07704
07501
06184
09601
07795
05625
01158
10459
03457
12413
11839
01560
12430
02375
10432
13070
07206
04522
04413
02445
10271
07556
04098
04857
05466
02338
12263
12171
03355
00080
02208
11346
13306
00353
11960
04656
07388
05504
10054
10562
03870
13374
00581
07502
09091
09538
05965
01459
09981
12453
10929
11606
04731
13134
01207
08701
05687
10513
01513
06098
10427
09982
10763
05298
04106
11589
01039
03861
02940
11611
06167
02301
09054
07369
02109
10821
06904
07572
05229
02048
13201
08322
03509
07392
07940
04019
05535
08958
10598
01808
07255
11292
05784
13101
08495
08739
02224
01870
09730
06313
04298
07699
05354
00162
09988
07355
04785
12660
11377
07410
07422
01032
02362
13265
13308
06471
08278
08966
11961
04702
02225
09061
12621
07621
06396
09624
11166
07124
07438
08487
00105
00848
00257
10411
03978
06194
06845
08687
11838
11305
06383
04988
08260
06808
00381
08157
01044
06509
07508
01305
07895
11639
08965
13161
12185
03059
09253
06633
08563
04704
11297
11118
11131
04394
10381
10636
11731
11795
02281
09830
06956
11714
08062
02552
09905
12862
02944
00143
07718
00301
10679
09048
07195
09385
00480
06568
06681
05979
08145
08497
08940
10634
01018
10443
13242
07734
04542
04188
06638
04798
05711
05867
10514
12254
07629
11722
06398
01830
12937
03474
13220
04736
12382
05241
10945
05883
01367
07274
07169
01569
01938
05463
00908
05365
04196
05581
02075
04831
02635
02022
03843
08754
03533
06458
10080
00336
07598
06093
04229
03675
09268
02133
11218
07433
09450
00633
10826
05741
01582
01842
07170
04544
12398
04252
12098
08254
04412
01963
10447
10320
04614
01375
10322
08483
09335
08423
10023
13115
02269
10010
00133
08770
03301
07065
05988
06978
00017
06301
01673
04135
03340
05072
03152
08635
08253
10198
00834
06704
01172
09987
10525
09665
09067
11786
04383
00538
12499
11664
11824
02885
10674
10428
07624
11496
01757
00306
10789
12044
08796
01196
13536
02291
11399
12869
06235
08127
00442
01153
00424
08568
04863
09177
13162
12156
06467
03238
06938
11602
08551
12673
12702
02428
10367
12213
00671
00365
00496
12957
12917
02958
06952
10477
13095
07485
09587
00472
13522
03424
02750
05516
06657
12324
01857
04968
07909
02085
12142
04550
13602
01561
09559
11936
11007
09199
07727
07764
11075
00050
02488
00875
04245
01213
00630
07710
05509
10565
10586
10919
09838
12279
09428
01403
06983
03387
11049
13020
10688
12546
11987
13445
11546
07337
00931
07076
01918
00229
04328
06767
11784
05314
05468
02516
13204
13320
13434
04305
08638
10544
06177
03942
09072
01447
10684
12416
00054
13039
00778
12574
12815
02346
02863
05634
08324
02694
10694
13243
00160
10035
03710
01462
10512
02599
01800
07032
07800
00744
03618
10340
03121
03547
03233
08134
02256
07965
12192
04569
03071
03888
01334
10558
04510
00666
05484
11847
02029
03357
06658
12466
02572
09416
10977
05743
12506
08146
07314
02054
09496
12308
07050
03516
08999
08866
09630
02856
05144
01063
00921
03632
11905
00775
01343
09002
11191
08241
04112
10352
08621
05943
07168
08362
00870
07225
00977
12963
05183
05477
02433
07625
00290
10770
10862
02982
00247
09978
07823
01961
00642
12622
06708
03635
13465
11564
00558
06883
07495
06701
11418
04217
00165
11493
04074
13081
04921
08364
05019
00376
08650
09257
09535
07405
02899
05954
01855
09883
06760
12468
13215
13647
08342
04914
12568
09910
03815
01652
06931
02887
06144
07567
05944
08088
07998
04437
05178
12553
07275
13245
09582
12840
07203
03625
08609
13477
02265
00574
12710
06585
11153
04552
12132
01075
11330
05451
06574
10286
03478
03406
10430
04913
11967
06728
07788
06979
04307
05421
06335
09763
03367
02005
09977
03142
10200
09026
09474
01284
11147
09446
06632
02904
05302
03218
01605
06500
01248
08319
00737
05780
02123
13313
09788
09144
05324
04354
07017
05437
06965
10704
04286
01338
11214
08946
11226
01298
04095
10760
08571
06570
00816
07121
03214
10186
04784
00970
02414
12835
02453
11225
08166
01885
05710
03928
01988
04000
03799
10161
04939
01242
01775
05861
00919
05006
01925
05839
04187
06972
10792
00281
10036
08900
10757
12550
02390
07733
11375
03198
08291
11852
04091
10692
10790
03421
11466
02258
05118
04690
04723
02627
12315
10590
03277
06385
08163
07627
04898
04494
05766
09521
09452
00525
07927
03115
09487
10302
09273
05819
08165
00969
04675
01407
08916
07659
07679
09574
07245
00401
00739
04302
07511
09082
12367
01482
03337
08669
12816
07656
12374
09207
13431
08033
03949
04683
05972
12770
05939
12613
08104
09869
12820
00362
03894
03413
08785
10791
11207
07297
12034
05831
01558
05650
05888
09707
00242
12974
08148
03775
12665
01896
03028
10935
08078
01164
08536
08829
02210
05759
08791
11981
13364
09453
12558
06152
11219
10150
01066
05447
01695
10570
04290
09505
08917
03266
05707
07238
03923
06720
00266
07532
11989
04128
06295
00767
01306
08063
05637
10083
07505
01907
07694
01986
10829
03960
13498
09058
09374
09992
06807
04213
07543
04580
07096
09423
00073
11027
02211
12464
07108
12979
04602
07783
07048
09606
00757
05122
08177
06894
07904
06101
10860
03005
05816
09914
09918
03718
02145
01612
06536
12302
13466
00877
06959
10553
09360
09367
13278
13442
06848
03919
05404
11053
06181
11190
04014
00251
10388
10520
01031
11933
12998
06138
09378
06250
06011
06607
11181
07923
08970
07573
05676
01028
06476
02544
07752
11329
01832
11370
04521
09057
11695
03304
01697
08271
07377
00551
07380
08832
12451
08498
05890
10429
08523
08569
01365
02523
01417
10773
10470
04753
13144
04701
13567
05941
08025
05133
07803
12061
01637
07537
03528
03042
12922
03902
03411
11959
00020
04477
05708
04652
07546
03684
05646
12811
06779
02874
09070
09245
08351
05803
05553
12634
13359
05469
03638
01007
12583
01498
13033
10303
05254
05971
09290
01947
09114
02387
11644
06510
05991
04989
05170
07605
07702
02292
12934
07912
01584
07441
03076
03074
06715
10378
12039
11276
06595
06920
08344
10194
05286
13334
11059
02673
05280
06655
04625
13311
03602
08855
03270
11197
00168
10020
08663
12275
02679
04960
09397
04017
04267
07604
11199
01533
08172
06649
03477
01931
08818
09009
11823
02760
04225
08726
04600
02306
10044
12851
08082
13182
00565
11681
12012
06787
05655
04606
10857
00954
03789
05273
06112
03849
12640
09051
06370
06180
00145
10580
11578
04655
04036
08111
06277
06837
09979
10017
03267
12806
05821
02499
11955
06929
00992
10362
06033
10776
09194
08763
01147
05375
08431
09870
12087
13027
00119
00717
08727
07366
11169
03722
10979
12572
00191
12501
10938
03711
04976
06360
09209
04264
12307
00537
07045
08964
07535
13383
04418
11087
10799
08957
00042
05810
05355
13559
11968
12163
06134
02080
07671
05801
00234
10072
12885
12083
05290
09648
05744
01084
05216
09554
11749
11609
05662
00670
11183
07587
11051
06347
05282
04802
03791
02713
09081
10193
03481
09499
09414
03863
06162
10899
12122
11350
09671
03073
03759
02309
08011
10382
04367
00684
08179
08909
10244
12686
02035
08745
10165
05737
13581
10275
01033
07906
07549
12454
00903
04232
11272
03220
01110
02337
08032
06792
02501
09156
04692
01065
02423
01290
07874
06885
01659
07680
09161
10246
05009
11215
06392
01303
05786
05226
11713
09862
07186
08702
05093
03591
08672
06034
04584
01169
12877
09640
12831
09973
10622
08795
10844
00571
04912
02803
12519
05806
10166
04220
00452
08530
06918
08279
02802
11627
02724
05446
00174
02534
03825
03195
11686
11236
12078
12440
04332
03123
12685
07341
00420
09381
09797
06334
08699
12954
08156
11970
13490
03982
11904
09087
00759
06503
01059
00520
00824
08736
04491
13365
06386
01397
11882
13619
11189
05237
07922
07589
01632
07466
06207
06174
12485
01559
01838
11505
00052
08789
03944
07179
13339
08044
10311
10070
06054
03712
00974
01610
05316
10883
03908
10358
00245
12843
08288
10680
00618
07564
08147
13090
13176
00700
00535
05018
11788
11234
10207
11364
01127
10642
13358
02927
05996
00243
08371
03177
11184
13517
05329
04994
06926
08381
05917
11761
00237
07941
01927
02943
05684
12996
09672
01267
07310
09404
05873
05722
04421
00552
08086
08333
05055
11296
05755
12244
04904
03995
10000
12234
06477
04349
10608
12074
13353
12539
05776
04140
07888
00230
10328
03317
13244
09783
01202
08479
05632
02733
06727
03966
10268
02273
07030
11688
03468
06141
08055
01854
08579
10136
09279
05013
06587
06882
13609
08372
12827
11937
07753
01258
02017
05416
05255
04740
00479
05999
08117
07958
03653
12696
04773
04474
11386
10809
08298
05526
11913
10976
00081
10637
02530
09457
00772
11026
03379
01385
02776
06796
12977
10905
04959
08629
08519
06238
03564
11280
05586
12306
08753
12612
00110
13420
00789
09989
00115
01225
09176
09326
04783
05384
03127
04725
05188
09392
04281
10549
03225
13423
04634
00029
00023
09497
07818
01653
05582
10249
11619
02512
12322
13513
10999
11569
04792
11861
06358
03739
13087
03736
02457
12595
02600
09441
10346
08673
01512
07146
04161
03605
00276
08341
10182
07231
12447
00258
01141
07082
04551
08464
08862
01669
13642
03828
08612
02494
01913
10769
04749
09941
11320
03988
07299
10421
10419
02819
03458
12582
09249
09001
01505
05601
12093
04444
09126
01320
06677
03223
07851
04419
06733
10294
03628
06881
06847
03273
05993
06457
06341
09912
11738
00765
11099
07736
04451
01055
04562
03286
12839
10086
05530
06012
04051
11948
02252
06039
05648
10595
07216
08653
12801
07829
11665
02130
01589
10160
01754
00556
04650
10838
01024
01898
11813
00408
06879
02119
04665
07051
11985
08126
01797
13592
04061
01594
06822
07056
11673
03299
09394
06977
04776
04895
07714
10916
04532
03033
12804
11091
10356
06485
02638
06455
05899
12993
11249
12259
01073
05270
08752
09178
01116
01111
04869
08741
02185
13221
07264
05074
08759
13482
07482
06617
04727
02241
10131
06495
08444
09329
13553
12925
03651
03714
09198
06710
13429
13181
03430
12573
08833
07194
08518
05247
00782
10635
02996
05575
08175
03108
01788
03255
00330
01042
11502
08251
11918
02784
11662
12809
07945
05697
05902
09853
10091
00830
08399
10658
04828
03426
13386
09269
10902
07251
00269
03993
12781
05471
11889
06660
07253
09591
10843
00959
00623
00235
06759
09191
11420
04819
10970
05480
07302
01123
08844
03615
07252
11149
07389
09270
12476
07229
11264
00389
02626
03169
05060
07816
07413
03619
09484
10108
09286
04568
02922
06898
08280
12999
08758
06659
00592
07421
06801
11358
08884
00173
04303
04393
03352
08826
07617
07529
11878
11798
10802
04726
01817
11892
06746
02295
08651
09887
04080
10060
02737
02011
10691
01537
11009
05815
11844
01183
02322
08139
12057
09263
12525
02507
11278
05098
04390
02134
08226
01686
09572
11060
11449
00564
07445
06030
10673
11706
12144
06088
01260
11863
13616
10700
12394
12722
02465
02571
07075
02334
12606
05206
06864
12403
00865
09518
07273
03288
01404
02755
09421
10254
02491
05491
06359
01730
02137
12986
00279
01509
12585
12182
06010
00689
09297
11035
09262
09146
05948
13234
01672
07711
04320
10402
08511
13418
06504
03459
11404
11132
11995
03779
05184
10762
06001
07635
05110
11836
12940
09960
01335
10897
01336
04422
08311
07411
09901
10787
09971
07791
13346
07448
03503
01091
01098
10176
05277
11832
13235
02838
04123
05073
01117
05714
04878
03080
06427
07160
12952
10026
10032
09773
01834
03682
01190
13404
00355
00087
09339
08760
06719
09804
13518
04769
10109
11423
05800
06428
10551
09254
03013
03579
06227
03725
09866
00910
01923
05597
06282
01449
06830
10462
05335
09898
04416
04079
05657
03907
10223
09289
12744
06126
10931
09369
00150
00723
06378
08819
01606
03741
10589
08034
05494
12190
09509
09468
12101
03476
07200
03331
11867
06555
12577
02497
05419
10400
08581
03997
01095
02782
07218
02454
02370
03384
01443
11585
01377
08043
00487
06468
10355
13274
00527
04179
07611
03199
00421
12578
08068
00082
05626
10847
13045
01573
02844
07423
00738
13110
12393
12739
13303
03742
12452
05385
00172
11929
04223
03833
02780
13457
08481
05409
13008
08986
05851
03444
11018
00937
08071
08496
11999
10863
01588
06910
12246
10028
09964
07668
03102
01604
04433
00159
08095
06520
03519
02964
13376
01215
04833
03700
10856
03531
04830
03567
09500
06689
07996
10744
04885
10699
13632
03084
02758
12145
09280
02797
12189
08405
13483
00457
03692
11553
11055
10676
00701
04632
09256
09789
09288
00647
04423
12449
08064
12919
03232
13307
03062
12181
10197
00086
00698
04254
10192
09314
07919
00958
05892
07444
07329
11046
06449
01577
04728
12856
12170
10342
00813
00918
11540
07634
01425
07429
05782
05430
05669
05564
00161
07322
08710
02557
09475
01289
05464
12719
03922
05249
08389
03695
00766
09239
02143
09102
02727
08081
00500
10189
08037
12554
03876
10245
10397
09356
12040
06211
07401
06276
05552
07304
02024
09742
10709
00704
04010
07335
01661
05141
12745
13009
12626
08252
08416
04705
09355
06839
01102
07831
05453
10110
12130
07730
13638
07496
05830
02801
03176
10369
05922
03792
03617
04454
05822
03442
11220
08058
02158
11896
05202
04936
00691
09104
12136
02395
02738
11575
08023
01635
04040
03391
00260
04108
09011
04130
09119
13300
07530
01858
05347
13058
00933
02020
07599
07486
04582
02409
02623
10906
12316
00446
00534
02153
00393
08902
05562
04506
06111
00906
05461
10866
00664
01316
07232
11429
07015
12975
08210
06424
05417
00792
03749
02175
07242
02388
09522
04570
11015
07838
05493
04636
05128
13349
09710
09473
00140
04708
06264
09796
02861
02566
07763
03887
03797
11185
11239
01960
06501
05025
12730
12038
08936
02602
09604
03803
08016
01656
12513
04314
07087
00966
00713
13078
02371
10620
05532
09946
08115
07223
07000
03627
08933
09296
06330
04137
13206
02312
00568
13564
09507
00047
06454
04486
13489
12666
03221
08660
03388
06629
07430
00986
10253
07192
11406
01119
09504
06928
01731
00354
03091
03773
01368
09969
03456
08174
03027
09803
08839
10540
12014
04879
12229
06672
02988
08617
04670
06556
11667
02016
01565
04573
10893
03239
08008
04166
09927
05158
03733
04278
07461
08258
11778
01200
05924
04519
09938
12579
05872
11994
09896
01874
12726
01769
10075
05555
03178
10771
05729
04301
05615
04663
10643
10721
09485
03560
08947
01975
02762
09410
12225
01860
06232
05179
08674
10569
05964
01957
10918
09614
01845
11063
11120
11512
10687
10438
00998
07471
10716
12387
00996
06601
05242
12857
06243
00609
10605
10376
06480
04703
02969
03409
02675
09717
06002
01328
05079
05403
02551
09232
00627
07210
07473
06274
02795
02849
13355
12736
06226
01023
10712
03937
12587
06003
08114
03184
00428
10555
01454
03853
08716
09871
05598
04623
12641
06338
00590
12688
06186
02610
04259
03058
07417
13035
01630
05307
07055
10363
03280
11235
06912
01698
12610
09765
08020
06469
03672
07464
00031
06470
03985
04230
00826
00343
04075
07101
08908
09968
13050
06437
10610
02998
09298
09764
05895
11310
07480
02666
11238
06488
02071
04503
08528
09543
09721
08178
03557
01941
07755
00855
00176
09799
07939
07780
02192
03726
10445
13506
10894
13636
11229
05357
12514
05638
11850
04169
11736
02307
12024
08438
06023
07414
09398
06116
03845
05644
03383
00806
08079
11735
09517
12326
09575
13052
03540
10116
11237
07991
12196
03802
04315
06594
06083
08368
06422
08904
03586
00490
04609
12419
00339
10743
10524
04107
04911
01359
06784
11654
11188
10051
07150
03546
09565
04375
00784
00688
02440
03642
09181
08547
02176
05457
13223
04892
13623
12378
07131
00312
04860
01521
08824
01902
05271
09959
11597
00108
10793
11287
05930
13164
12689
02003
08849
11044
03150
03656
02990
11650
01149
12337
01666
10371
03753
02060
00016
04228
03464
03187
05689
01598
04657
05811
01157
01292
11473
01236
00317
02093
08316
01451
11919
08297
04410
07012
08694
07368
05440
03361
04810
06669
12386
03525
10801
03877
08765
11376
13269
10871
04142
04371
10219
00405
11222
02592
11062
09203
07866
13523
08784
12187
11783
13368
04316
09833
09118
08196
04604
07612
09017
01176
00852
11603
11463
06100
08087
09291
09043
12477
08396
11951
07868
00965
09944
03911
13252
10876
00951
11251
08560
06532
04610
03401
08052
02706
09175
04218
05057
10734
01398
02971
07028
07140
12429
07985
01019
13147
00356
05399
08460
01649
02834
03111
10775
09670
02410
00510
00227
10461
12004
04900
03807
01816
11854
05021
03202
05926
10681
00007
04758
07806
07334
07425
09343
00711
11142
09433
02091
03671
02317
08122
11159
02766
07748
04258
13419
07138
00521
09449
06236
04696
01101
13335
12545
01953
09801
12164
07548
09771
10546
11343
02901
02506
10833
06662
02245
09383
04407
12257
08018
12951
13569
11604
07905
13601
01381
08274
07809
09315
07778
08197
00045
06205
09166
08223
05913
00696
05345
12297
02459
00458
10111
01502
04991
07353
07024
05390
11232
00246
08213
01483
00810
12180
07864
08287
12143
10841
09390
01903
06004
11675
09034
06321
01876
03601
03848
13241
10206
09285
00982
09386
08892
13289
10777
12741
10027
13342
03504
04525
00359
08380
03746
07350
09770
13316
10859
12446
01438
04859
13061
05771
06234
03983
02051
08394
10174
05775
09718
09867
12871
11747
13507
06153
06248
02483
08428
10183
10948
07111
04706
00478
04119
04379
04157
09042
09302
04065
00617
00248
02660
02327
12031
05858
06490
10577
03771
09643
07907
06316
13053
03986
10156
02037
06069
05604
08292
00259
12410
06327
06124
08151
11221
07531
05462
06233
08182
04273
07395
05592
06280
04574
05842
05142
02920
13360
03036
09703
01879
12923
08876
06024
10071
00465
13530
00842
00066
02498
12725
07920
11590
10774
09738
00955
08647
11934
13548
00063
01780
01951
05042
05854
04042
08747
04694
10247
12147
07701
07292
10073
05120
11387
02918
02736
05817
10354
06498
04613
08224
12495
10484
04529
08315
08355
00403
02617
12251
06026
03128
02284
11224
05111
10594
09388
09320
03141
00219
11492
02131
07706
05834
03427
12846
01919
11822
03663
11841
09519
12420
02267
03264
13038
10653
03200
06400
09808
02081
05200
00981
02206
09885
08613
02931
06255
03092
08435
03827
02624
06442
01682
00715
09793
00620
08585
05078
09579
01592
03256
02867
07560
11003
00814
12441
04002
13369
11525
07685
03953
10756
09623
04333
02264
09015
05927
13261
05990
04285
13487
01208
01321
08299
01583
10217
09593
04919
13575
02188
00695
06376
02807
13068
03205
11903
10745
10629
02030
10981
04621
13446
11490
09224
00585
05049
01891
04039
09202
01093
04287
13338
06230
11751
05515
08881
12327
09184
01410
02279
05106
06903
10485
11595
10049
06825
01165
00505
10543
09758
11154
00987
08513
11465
03116
02455
01331
12346
11652
03482
10740
04948
05238
12118
12294
12431
01445
01525
00751
06151
05745
09843
06997
05002
07061
12561
13582
13125
05172
06031
10360
08491
11419
01366
12224
02223
09168
06707
02070
03956
08937
04430
13195
11685
03016
01864
04620
11355
11464
00743
01539
01056
01716
08973
04957
05420
07085
09101
04686
05094
08458
00697
01578
06363
13416
05154
13521
07526
08555
12141
07057
12356
03329
10798
11388
06693
02365
12203
13218
03644
09188
00155
03153
03362
02298
04306
05733
05587
01836
10013
02752
11151
10898
13389
03486
10882
04952
02554
08983
03015
07553
11828
00891
09534
05312
05617
10879
13102
04583
08649
05512
07607
05455
10162
06751
02436
05287
01139
03125
07215
06309
09458
00512
11030
06679
11013
09429
12507
06621
07289
01921
08007
05967
09488
08359
09745
02559
08326
05885
05599
00878
10751
07834
02514
09025
04198
02703
09358
07525
06349
06747
09868
02148
08240
00779
13486
12066
09926
08056
04141
03119
11228
01878
03529
02323
03860
00473
04641
05524
12092
11367
11389
05465
05774
00956
02831
08118
06517
05205
01315
07719
09684
06730
12355
02933
03029
09675
02315
04056
06215
05973
13080
11361
01137
03790
12217
02350
00284
07571
11011
04983
05605
03281
08670
07709
04210
10374
03835
03716
09108
05088
13129
01939
10446
08776
03851
13152
00597
02407
09931
03566
06849
10576
11130
08929
09909
03417
03319
07911
02585
09281
05688
12510
10473
09950
01510
01006
13305
07326
12509
11395
03465
13398
05897
10607
02132
13282
01058
07884
04323
11331
08202
10813
00024
11134
05656
06968
02170
12852
08414
04209
12616
06651
05339
06499
11529
02808
06682
11168
09595
02616
03222
13399
01308
02574
08028
04244
09038
10817
11787
09068
06105
08323
03992
10969
05102
08654
06734
03185
03637
05610
06980
10584
00657
09189
09619
03530
02812
10164
09762
06064
03962
04717
13544
00836
00572
11101
10991
05843
05490
01699
00869
02779
01574
01742
00799
12604
01688
12528
02354
05223
02639
01843
05431
01781
02452
07400
11265
07869
12598
01473
11884
09613
02076
08731
03407
09728
12933
05893
01241
03896
02954
11144
13604
09003
00566
10173
09958
00038
10992
09892
06626
00828
02456
06858
05259
13304
05211
12313
01920
12006
11065
11507
09557
11916
03964
12790
13229
05279
01313
05802
06683
07951
00142
11182
06086
11407
00215
13333
12921
11366
01680
06583
06884
03506
07705
13337
07436
05505
09345
06333
13424
09008
08293
11555
00358
07750
02775
06149
06045
11254
06329
13322
00927
12524
07832
09668
09479
04969
00536
06600
10667
00109
05037
13568
12926
02447
02853
06299
13283
13013
07835
05017
07654
07312
07591
12198
06182
00843
04082
05253
09663
03735
01022
04103
10276
03009
03418
03054
07465
00304
03207
00643
01383
11425
07881
02625
05785
04658
05053
08725
11308
05291
08774
02541
01712
02136
04586
01256
09110
05197
06289
05560
00901
01077
06447
11541
01452
00714
11179
09777
04117
08338
05764
12414
12910
09920
10274
08823
11391
06579
01849
01663
01159
12728
08076
04987
03620
05392
08402
03521
13293
00118
02555
10738
11966
04781
12874
05137
10412
02647
00368
09837
02052
04293
03599
11640
04737
06529
11047
01866
07902
11875
01725
13409
07040
13292
06044
02684
03598
05436
04575
04698
07860
01796
05808
00884
08750
11745
02116
09615
03670
06311
05084
10345
12134
02928
13121
06315
04924
08035
04917
00745
03246
10967
00719
02240
08049
11069
04238
08130
04212
06439
02653
12059
10984
10730
06125
01347
04593
00729
10291
06131
02651
04638
05222
07042
07079
06577
05485
03475
07887
10631
12762
04790
12362
00507
00488
10463
03186
11396
02923
01615
04648
10361
03454
00252
00300
09564
03057
04113
07102
05692
05792
02087
08201
08142
01393
12841
10654
01777
11872
12848
01566
05521
08967
07112
04026
00519
08696
03191
05874
04192
08911
06475
12317
04637
05004
09251
05265
09711
01851
12121
12411
01865
02657
12202
05583
02597
05719
01739
13648
05730
01914
06084
10874
02865
06731
05660
10414
07198
12016
00462
10827
10167
01048
07248
09131
12045
03535
01657
07492
00949
13207
12763
03398
05492
04439
02728
12935
07581
11043
00911
06981
05054
07777
06742
02442
01772
09720
11139
05448
08865
01684
00122
00529
11500
06753
04672
08089
01254
00466
12541
05770
02781
06732
07626
07643
11279
13391
06937
09243
05853
00303
01579
11624
13436
02828
07802
01529
08314
02111
10125
01268
12705
05961
12500
08955
06216
01651
03499
01475
12662
06764
04004
08474
05700
09829
01546
02033
02156
11516
08434
12758
00352
01072
06107
08013
04876
09897
12161
12000
00308
01396
11535
09596
07007
03168
02787
11858
09654
03750
13549
07254
03328
09809
03643
04980
13032
04299
11306
09689
10257
02642
09461
03515
02527
08367
12236
10623
10550
01422
10911
02756
13402
10952
11314
02236
13104
01506
03624
11036
12776
09491
08369
02741
06789
06150
10858
07843
04426
04224
01738
04226
13319
00183
02860
03254
12285
12590
06222
08143
02526
05942
06015
00387
13625
00178
07162
03868
11349
11271
04471
01776
08421
10851
02950
06523
10481
02468
11576
00694
08889
12469
08390
06097
07826
12884
03485
04557
10758
06969
10033
08746
07636
04216
10009
00819
03327
00261
09782
02790
01631
02197
00894
04240
00682
09186
00774
09013
12455
08465
03343
11914
13317
07001
10065
12958
06729
12855
13057
01270
12988
03093
12908
09635
09218
09688
09064
05870
01281
06623
05546
04448
02079
07359
10039
03303
00375
08816
01958
05618
06332
09660
12936
07520
08830
11127
08871
00580
00241
05165
03209
01062
11150
07311
12586
03300
12035
08852
06096
04202
13543
08689
03136
00649
08144
04058
07481
06365
04811
13131
04148
01008
10618
08557
11899
08229
10130
06298
04958
12556
09652
00530
13509
07716
09569
07348
13166
02335
06735
02047
00545
05441
03767
05576
05824
00348
02593
10597
06724
04635
08828
03163
09673
10030
03262
02671
10886
03491
12780
08971
01955
13344
12576
09513
04176
00726
01228
04199
08113
08678
05726
02871
03734
00773
08400
13579
09120
06418
06157
10754
06939
04208
11950
04730
11467
11921
06074
12854
07118
05727
09913
03840
08543
09426
02569
11539
08695
12900
06537
03437
01880
03234
02019
12570
02864
01114
12648
11274
08230
03419
04619
01545
12672
06561
00607
12131
11282
07086
08963
01217
02475
01828
03263
13248
04974
09787
04350
03800
13138
01352
10726
01658
12971
04794
04809
06768
11716
01503
07512
02994
06304
12832
12633
02417
12778
02980
06042
06663
12200
08520
09995
11684
04816
03098
07374
01378
06614
06890
06761
02492
10252
01554
03834
07981
09550
03976
09247
08096
01822
08069
00285
04484
07926
11339
08549
07682
08391
12011
09214
03694
01814
09342
08510
04771
07715
08384
01676
09462
13089
07321
06560
02545
09489
01222
00626
05994
00027
00575
12684
02946
06148
12309
05338
00153
05701
09531
13174
03906
05132
13025
06709
02159
00131
12540
07992
10024
04615
13225
11732
12793
02591
07313
09761
01484
09682
02743
13641
06995
01274
05143
01282
02620
03312
12390
06361
03087
13022
04553
09467
08792
02147
00945
05739
11023
07067
09855
05100
03829
11327
11456
08348
04579
08624
05574
06806
13622
05643
12299
03120
12938
04627
01128
12717
00915
07269
11318
12036
05234
12085
06263
04312
12241
03664
03630
00683
09027
01704
08599
05190
08675
09539
12916
13054
08377
07691
08969
08991
04132
10105
01311
01154
11124
05693
03043
00721
03310
03341
07180
11614
12493
01581
11705
01867
12680
00193
13175
07415
13112
00486
09099
06851
07054
09052
08700
11424
06006
02000
11846
04643
11397
08879
01373
12409
08722
09444
11605
02936
02448
00709
05252
11615
09645
08246
00605
00840
10811
13437
07554
00941
10082
08665
12417
00596
00470
03812
03189
00255
06225
03434
00137
02389
12366
07240
03562
08734
00224
06047
09454
09667
06452
03393
03412
08105
05760
07402
06414
03183
07157
01363
11945
01132
08768
12581
12165
11448
13566
04018
12450
12041
00907
07114
12892
11105
10089
10104
09354
08509
12271
02916
02064
07100
09158
01839
00645
12029
12111
10891
02911
05164
04750
03921
08112
10958
12332
00311
06609
02072
03577
11991
07384
02429
04883
03227
12650
00366
05327
07137
10875
03194
02799
11258
10248
02031
04512
07690
08445
04262
08840
05865
07091
10956
11669
00111
10993
00561
03556
07798
09622
13491
04057
07439
01120
11517
05340
00425
00310
12422
01376
03258
10305
05208
08167
04563
05331
01804
07594
11782
11216
08874
08683
01135
12191
08968
04054
02826
02360
10955
01197
08959
04023
06521
03984
09495
13425
03678
02511
10723
04032
04662
04664
02525
12955
00418
05227
07267
01624
01275
02868
12825
10900
02493
02528
12557
00327
04712
07059
12311
03804
03537
11119
02122
13379
06070
03777
02057
03979
11607
10269
13108
00805
03354
10171
00586
05508
13475
13426
03539
12162
05367
09683
12193
12465
11791
02690
03420
01105
00768
05534
00399
06716
10523
12738
01237
10865
06051
01693
07041
10359
02903
04963
05456
09094
00126
08466
06119
11093
02898
00971
04808
03171
08591
12980
06065
03862
12201
03668
03555
10405
13396
11242
12883
00823
12516
05245
11289
08476
00804
03086
06875
13085
08427
09698
06821
05496
11037
07420
03463
10418
07944
06916
11771
03298
11802
09225
09888
00377
03846
12237
05835
03180
04954
12794
03913
09882
10309
13356
12214
04102
11048
06407
06572
07555
01299
02786
08264
13537
13362
12647
04175
04559
07622
01536
11707
12823
08544
07301
04483
10820
03613
03729
10178
10872
08504
01844
02061
04942
11317
12290
07651
07141
09515
06275
00498
01999
04762
04279
05167
01550
00095
12623
10310
08375
10069
06697
07792
10258
07171
07735
07483
00847
10649
02333
04591
08106
09317
05056
09753
06723
08406
13074
03056
04800
07006
05503
06505
08286
04467
05918
11617
03201
08550
10849
04364
08123
08919
00661
07358
03552
11277
12231
11758
13370
00395
02007
08164
09020
13135
08546
04667
00999
07770
06037
12678
05065
02841
05150
02114
12571
04797
13503
10604
08432
12341
01767
05997
08352
10191
13017
01571
13381
05862
12682
03822
08281
09300
01371
05567
07899
00705
08026
11038
04174
12638
04760
11548
02556
11543
07767
11573
04530
00944
11436
05136
02785
00760
05797
07785
01884
01710
01362
11944
08430
01395
06123
10491
01099
04645
11528
08282
00735
03996
11801
08447
09863
07081
10806
00286
03730
00028
02956
07955
06754
09312
02466
13258
07766
08984
07914
00850
13340
11288
01113
11000
12463
04851
03253
02669
08812
09486
07608
02400
05720
08305
11313
01446
06593
11935
09536
01178
08981
12226
07540
11750
04834
05698
11719
05474
00181
04282
11976
02739
04206
07339
12068
06762
12199
13084
10348
09865
03806
04115
08827
04352
06020
04035
10896
04432
11302
09780
00060
08417
12027
10834
02174
04818
01950
02025
12228
08119
03023
05107
09476
08437
10531
09179
08583
03794
00930
08998
01440
08093
08080
08499
08221
02536
00728
05937
11794
00357
05847
09407
12826
11767
12408
08977
01492
00602
07962
04864
00075
00554
00070
01886
00825
04025
08459
09022
04059
01626
02069
03948
11328
10502
10203
04372
01173
07575
04442
06604
05879
12492
00953
10711
06325
01346
02689
01201
09036
00239
07695
12748
04201
07317
11663
07771
12959
02972
04066
12383
12435
04458
02924
12518
12369
03905
07796
08586
05050
10216
13067
03344
10452
10335
04283
12928
01827
02121
01998
01353
00136
12549
04886
09185
08245
01152
09440
06502
11057
00833
04646
12881
04629
02426
01601
06271
13519
05151
13615
00516
11742
00912
01155
03575
06133
06900
01992
00752
07513
11460
12914
05449
04504
06867
11973
05881
12243
00106
03839
05256
12212
07046
05295
07020
12619
01272
09820
12008
07309
12444
07159
13332
05052
09149
09097
09785
08027
07620
11756
03400
12639
08455
11415
05938
02478
01461
05935
05442
04920
08103
01124
00454
12091
02435
13103
10783
09562
12150
01180
06310
00864
11088
07349
05370
06472
00818
01198
02952
01271
02824
06446
01774
02310
09893
11041
09928
12742
00201
06081
07058
08786
04162
08885
08514
00587
09318
03841
12060
02963
06780
04158
11186
09712
00755
00384
12104
02496
02268
07306
10641
13390
07456
08679
00601
01933
10157
01702
03634
11891
01587
03030
09137
11632
05112
10437
07558
02531
03237
00675
00808
07262
08574
10500
08214
13189
01873
03590
03129
03832
03311
09881
05304
00777
11255
12932
12021
10067
01779
07468
03158
06976
06582
05566
10078
07808
11494
03244
06072
00138
00662
11531
06717
02938
03912
04005
03973
07004
05773
03784
08604
05040
00287
10401
01595
08688
11692
03157
09172
08690
12715
10435
10609
04497
05418
10066
08048
12667
02855
00194
05798
12303
10877
06853
11674
09336
09511
09138
09551
11964
01109
07155
12657
13511
04896
09384
08171
11859
06625
13527
03886
10724
11804
08525
05977
00469
07609
06675
04325
03740
03359
05231
02667
06991
01131
09018
06695
08456
09729
09552
07049
06635
04689
00499
07889
10284
02732
06221
09802
11506
04097
10619
01389
02476
05369
01906
08337
03167
06318
07918
11230
11689
07754
04558
08719
03035
01993
05031
06399
01667
08072
04094
10656
05371
00361
04391
10869
08054
05573
06308
11325
10399
01430
11332
02336
08349
11298
03346
04346
08397
04136
08639
12216
03704
05162
11379
09222
04588
09031
08374
06178
08149
02687
12984
05046
00402
09991
02178
03685
08415
08022
13015
11586
02965
07237
11993
04884
01037
00340
08880
08181
00861
10168
06820
05203
03325
08873
01046
10018
01991
08655
13302
12896
04105
02418
05089
01047
09520
10263
05379
05791
03883
10077
11248
04975
04751
04967
02212
11743
11598
12989
08847
03796
06270
08477
12810
06650
03847
02708
11971
03252
01003
01307
10624
04138
00887
05547
05281
01041
09598
12753
11090
10907
02326
09772
05511
07820
07908
13122
08640
02357
05303
10456
06489
00325
12628
05588
01567
06844
07786
03494
01179
01640
07455
02154
08215
13328
06462
10683
06777
10300
03721
09921
11890
01701
12552
12370
06389
09784
02968
05168
06340
11454
13428
12206
05444
07840
05661
03998
10567
03858
10457
01488
11152
10113
12179
02374
06736
07148
09260
02767
04739
03932
08886
03991
13294
11634
11659
11340
02793
01442
01130
09424
01771
03961
13584
04144
10336
09277
10003
04890
13633
08507
09902
01374
04012
06763
11810
01580
04163
03106
03051
07346
08589
13614
06565
09357
04358
04297
04951
11622
04031
04436
06856
11178
00731
09607
08680
04850
06722
10466
02367
12052
04873
10396
04693
04087
08443
12433
01875
02650
01494
01433
11583
01946
02172
10266
07972
06278
05549
00026
01544
00084
09135
00390
01420
09824
02893
10283
01806
07008
00733
02839
11304
06578
10006
12953
12210
06456
08012
05686
13449
11718
01763
03094
12242
03551
01575
02411
00065
07638
11299
07666
06766
05959
04601
03924
06519
10973
07064
06206
13496
08565
13203
10464
04965
02962
07260
10218
11660
10127
02028
09699
10617
00200
05731
00983
07584
11557
11818
00756
12791
01591
08894
03724
08150
00182
08980
03554
02705
12361
09481
10881
07071
04852
10148
10848
05563
01888
11354
03034
05887
11856
05702
12458
02670
13003
01421
09974
03785
03242
02505
06833
07836
05248
01848
09282
08867
07052
01163
05450
03723
07491
10998
02424
06043
00156
08662
10417
00370
06988
12618
10678
03901
04561
10627
00102
05740
04253
05387
00658
01511
08764
13148
02575
06922
02712
09813
09922
11165
00282
07973
06934
00885
10672
10581
06029
04718
13470
08790
12563
08751
09852
12532
12505
01622
12538
08870
12379
01330
06636
07978
06089
11720
09431
12817
06613
05950
09841
09074
11171
02823
10752
07132
08664
05294
03229
06630
08709
03117
11610
01424
12344
02095
11471
09182
08898
10323
02628
02183
03335
09747
10370
03568
13529
12964
08825
11096
09842
02194
02503
01638
04300
04329
05292
03871
03284
10351
10534
04966
13414
02722
04114
05071
07217
07582
12235
11587
05868
07897
10837
06987
06481
04183
10299
09626
09694
01634
07174
00250
03511
12353
00331
05742
04516
05083
01871
06050
07917
08463
03609
09418
04405
11772
10761
05293
10962
12755
06596
12777
07066
06700
06999
07426
08798
02995
03204
05804
04068
08124
13063
10705
01474
10314
00963
01984
04480
00625
01476
00764
10441
09544
11431
07801
02757
02966
11092
03332
09352
04155
08893
01029
03276
09153
00677
08420
01043
02697
06726
08192
10954
06478
05366
10037
06718
11926
06409
11829
12047
10650
08340
04888
04596
04090
01523
08442
06201
05513
01994
06087
10519
07870
09674
05966
11434
12209
07817
12602
09346
00416
04344
01527
10298
12391
06290
07722
01678
09271
04083
04255
01496
03612
07578
09741
04566
01061
05613
00264
03453
03811
11017
05101
13533
03350
07378
07500
10081
01668
09603
06624
00344
12658
09362
06687
07557
06218
07707
12310
06877
10278
06902
03819
04770
02086
03182
12402
01824
06198
02589
02725
13210
02471
02018
03109
01590
11682
07467
08109
10940
08488
06293
08858
03396
04907
06703
06661
01703
08451
10795
08883
01199
10433
09456
12818
05014
08838
04121
13310
00925
13571
00444
05157
02636
07653
06569
04453
00619
05123
13591
12230
13079
03655
07207
06080
09014
05863
06889
10357
02077
04318
10483
04441
07197
09651
12962
05067
08002
08729
11744
00001
00443
05210
00164
05045
01399
07768
06420
05028
00152
08515
11123
01964
10424
03466
00845
08896
06377
00591
03967
08429
10753
06487
07994
01671
01620
12063
02285
07713
00319
02564
08713
04677
02601
07129
11577
13378
01249
07338
00639
07647
09818
09241
00868
09090
04330
13123
00917
05169
04373
09313
10823
09427
02470
13106
06791
06558
01985
00686
12177
05351
10943
00685
09805
03855
13422
10337
00056
12278
08890
13388
03151
12886
01012
10568
08527
12860
01979
03308
07331
02764
01351
00577
13438
09395
01820
02190
05171
09405
02981
00880
06755
00889
04838
11045
01013
04687
09141
09152
00503
11098
04116
11696
01379
09880
01264
07915
11997
11072
00754
02235
01853
07447
08554
09295
10289
01394
07259
07547
02553
11769
05187
06351
03274
02297
13132
01967
11447
03287
13539
12128
07158
12183
00208
04356
00373
00851
09412
03366
01064
06165
08658
10467
00706
07130
01831
03875
01943
11482
01562
09956
04414
13382
01277
03938
04487
08537
03745
08373
01083
05192
05833
00612
11334
02352
09010
10941
11155
07288
08168
00867
09602
07452
10803
05398
07122
11990
05362
10794
07493
12956
08289
06429
03044
11021
07224
06355
01679
07293
07149
05681
00188
10100
04478
11677
11881
05185
10316
10842
09933
11262
06220
06090
04617
13626
10733
00485
04347
10957
04560
04266
03269
03175
12990
05772
09641
03592
05261
08401
13273
07872
01262
11129
05080
11757
02840
12478
00950
12965
03856
03512
09754
11939
03569
11102
06122
10665
03728
04378
00315
00844
11032
04186
00009
02473
07833
05478
10063
05388
01850
11580
13557
07233
05875
07664
05315
09490
03139
07948
02099
13572
02608
12608
08952
00190
12828
12651
04880
06284
05214
07386
02789
06103
09644
02282
00660
12814
04381
08857
04992
13471
01691
08199
08935
11111
02182
02355
08312
10410
11301
07674
04848
10393
10720
06541
10460
10600
07009
03293
04291
09810
02049
13272
07187
04276
02345
06384
01216
07175
07106
01723
03585
12588
10398
04047
06120
07333
01882
12888
02191
02042
08943
10090
02676
02108
00540
04996
11401
09911
13213
04049
10796
05635
01079
12992
10488
01778
10526
02058
02112
05311
05193
05487
13546
00342
12875
11658
07196
04817
02768
09115
11953
02117
04353
04748
13012
07063
12603
04129
02866
06244
12589
06256
11704
06740
01310
05481
05328
12248
07524
10639
13286
00616
13336
06102
13253
05317
10647
12891
05308
00199
01916
02710
12644
04815
03487
06435
11137
02912
13118
09669
11243
05533
06810
02009
04269
00404
03008
02692
00022
07123
03213
02263
06314
01949
00831
10547
04237
08735
05207
02008
13385
13231
13456
05544
00123
11103
06491
08922
00435
05473
03523
01969
00249
13159
02431
05091
02915
09469
09192
09767
03821
02809
08015
07038
02290
12129
05949
09045
02221
11014
13230
11115
02695
10144
07327
06527
00117
09952
00881
09980
09372
01489
11591
09792
12527
12724
05044
07127
10281
11383
06049
04447
00900
05424
04376
12771
02890
01497
01138
05130
11726
13629
05545
05607
08272
04576
08188
05880
08454
04368
11630
01741
11651
11566
08988
02830
05266
05426
03649
09046
10442
04813
10693
11693
00948
07759
13639
12566
01713
09844
02300
06426
12789
04539
02580
05016
00687
06129
04243
12013
07036
01798
10978
02588
08070
00059
05952
00495
02084
06140
12521
04990
13275
10539
06027
02484
12929
05565
11636
06619
06228
00378
01074
07934
07116
08453
08715
07779
04950
01070
04768
07946
12879
12249
06616
00203
07352
08945
10141
00650
07479
09686
03738
12829
07098
09005
12089
05445
04463
01060
03448
08872
10332
07099
13185
05434
06598
05500
10585
05258
11653
01717
13288
05932
11518
06901
06962
06296
04929
12372
05795
07565
04069
04789
12799
02587
12053
06139
08882
03052
04052
06993
10256
09399
04679
01168
10766
00074
02685
12950
00447
04814
12331
08856
12543
05528
01639
07935
01327
12784
04295
12172
04043
13541
05825
08413
10475
06745
13510
01528
10936
05603
07029
00736
05750
04084
08493
06331
03339
02696
01540
06408
06738
01715
11462
09305
05334
12267
05274
07586
03105
09483
05139
09676
09466
00936
04242
05789
03282
11348
07193
05579
13540
03542
00962
02672
10213
09442
10434
06307
13197
08186
06788
07005
02832
08233
08225
08906
13178
00092
00928
06364
09217
10495
00046
01143
13444
12893
06790
13447
11409
11613
07002
05228
08961
12291
11145
13380
02341
03977
06866
03272
06303
13621
05596
04673
12222
05023
07427
12423
03302
07519
01040
11570
13163
01802
03324
09629
13196
10469
02238
01627
06653
04941
09451
12766
09878
12939
10137
09237
05069
08714
05891
12221
01214
07876
07610
04275
04246
12593
02535
00589
10554
00832
06507
11952
10602
08235
09839
11273
12907
12462
01005
03867
00272
06893
02408
02658
12360
05459
10117
07362
03484
05537
02806
04801
06423
04455
13589
02804
08972
01756
07475
02104
07628
04464
01100
12536
07930
11295
04145
07861
01518
00822
05325
10615
01360
08461
07372
07596
08761
02067
12749
03040
08116
07504
13297
05435
07566
08383
06933
12752
12252
07613
05685
03666
11526
06322
01747
13556
11227
06406
01297
09155
04182
07528
01599
02164
02237
00762
02422
01206
01194
10107
09566
10364
04660
07655
07743
12479
06765
05408
02463
12729
04761
08378
05751
01401
00635
13357
03679
09506
07631
10380
08538
04681
08268
11106
10573
02449
00548
09122
06258
00720
10965
07268
07235
03309
12853
13542
02522
06302
00897
11729
06324
08137
02013
09949
11064
07094
00523
10407
00846
12072
01976
08059
12787
05664
03488
10334
11143
07539
08595
04227
10199
12376
01450
08526
01568
04499
12208
00497
02634
02328
06356
00049
05878
10975
03248
09408
01344
12176
08162
04177
03874
12712
02043
03500
12352
03326
13450
13267
08200
02612
09834
00508
10832
12427
03124
12842
03626
11549
01301
12274
00600
07381
08290
03490
01177
00550
08667
10270
08614
05749
08404
03646
01026
01611
09216
09363
04460
01705
10736
11524
04456
12186
01700
11056
13256
10029
01341
09524
08285
09727
00449
03395
08426
01733
09380
00062
08250
07477
03583
08562
07812
10449
00841
05272
09779
11766
02822
00423
04901
10850
06287
01532
11360
09638
03130
01683
02688
08261
02513
00228
04149
05309
09786
03778
11831
11268
08284
00296
05378
08592
12720
07614
06870
10053
12675
13137
04889
10454
02318
11708
02394
02837
05125
03610
01819
05020
00929
04400
01732
06990
11633
08398
09709
08627
10448
09845
09478
10505
11911
04445
00829
10966
02396
10047
11128
01121
05799
02558
13167
13270
08365
03037
06982
08975
05010
07092
09095
02066
08346
05452
09948
00748
04572
02088
02187
08559
12931
05629
12348
01746
02242
06482
01273
03469
01146
09267
07398
03078
04599
05921
12529
08486
01370
05642
06970
05319
01156
03323
10149
12889
01193
03650
01805
00854
13432
06147
05594
11076
12350
04440
07325
01010
11746
05000
02361
05696
04822
08535
04500
13485
07747
01402
13427
07652
02889
12774
09236
01714
08505
10784
08255
04589
10050
08836
08021
10415
05230
09103
02271
01803
05360
01846
07986
12693
00569
10836
06240
03758
12756
10480
00898
12124
02169
13299
07431
09825
00407
01795
00839
04938
11034
02027
01441
01791
02372
00445
00270
06346
08552
04139
09361
06515
07070
04472
12985
11246
05680
12345
13331
12887
10742
01753
10927
08782
03917
13151
12342
09266
04724
00758
02127
04452
12976
06534
00430
05608
03720
06691
03719
10238
09530
08561
06267
01507
07523
11508
05640
08767
00277
03014
08403
04081
00414
12691
09331
07199
05953
09516
11187
13600
02204
10995
12560
00202
03104
11263
10800
11618
12010
08578
13014
02044
05344
08471
04101
01522
13136
08379
01547
00904
00598
12533
00094
10084
13578
05195
02378
06878
00413
05181
01863
05423
11338
04543
09463
03559
06035
11992
12457
10557
05189
06685
00231
01246
04073
13417
12615
13484
09080
08842
00293
13120
13646
02983
05668
10566
11450
13350
09233
07119
00030
10657
03165
12548
08310
04716
09955
08997
09861
00044
10982
12637
05145
10499
04946
13501
01107
01053
13448
03247
00221
10147
09859
02883
07463
04490
04185
07517
06725
03755
04037
04930
04534
09159
07068
10689
06543
10391
09681
03296
11040
00859
04459
05364
03390
09276
05209
07601
03621
05175
13192
10129
09213
10132
05983
02469
08050
03179
10250
02614
04411
09662
03764
02734
11270
02905
04194
03963
08318
03137
12284
03096
00468
07246
04424
10885
12483
07890
01745
04772
11932
01418
03025
01619
03702
09580
04777
09283
08419
10228
04214
04843
00943
00800
03657
10383
06785
01133
08191
09348
07270
00212
04640
10703
09776
07784
02004
01917
03032
13547
03611
03493
02707
02458
02720
01608
12746
00154
03532
13607
08788
05906
01792
03489
05933
12114
06855
05841
02691
12347
07142
12329
08019
07278
12296
05718
00641
04133
12184
05960
09815
13462
10177
05758
13128
06214
05348
04011
11110
13284
01935
08236
11930
06362
02973
13169
11519
00862
07354
08979
00220
11760
02848
12876
04248
01654
09993
12112
13028
12534
07720
04971
05987
03197
07221
07765
03873
10121
00147
03313
05585
12690
01818
01564
02320
00411
11833
05982
11996
01166
07867
01782
11558
06009
01708
09996
07360
09984
03144
08332
05458
04722
08608
03112
13443
08657
13366
09857
11572
05790
02162
02811
09330
07726
10779
07135
11445
01435
01815
00014
06410
12530
03236
04118
12351
08661
07648
06589
04093
06404
01862
09627
02900
12858
08978
10242
03514
05038
08234
07738
06041
00634
06190
00753
04684
00195
06417
09849
09555
09642
13140
12802
01980
09219
12522
10922
08030
13631
06812
01905
05945
06176
11807
11680
04676
02141
10016
08775
08180
07437
08553
13130
08482
06852
04779
13277
08153
12643
05909
10472
04438
05288
13246
08781
06014
12166
01977
13612
02489
07805
00786
03584
07104
04374
11016
01766
02773
10925
09204
02719
10660
02283
10603
03999
04821
09611
07618
08811
03006
12265
11885
09616
03133
13262
03900
01641
10465
09953
05275
04633
11285
11031
10308
08099
10545
06339
04587
11533
03334
01463
05898
03926
04741
13051
00432
13236
06450
04289
03472
04982
10339
07967
05923
03428
07489
05047
08439
07189
11513
03594
13021
13165
01996
01908
10280
05218
12051
00035
03048
13066
08262
12364
04334
08263
04003
13645
00979
00089
04417
12155
01145
05541
09618
04680
11198
07515
12655
01493
13183
07453
11012
09687
12094
13088
08809
00101
01416
08891
08801
00815
03479
02836
01369
08837
07552
00655
10304
05947
06291
08779
02746
13565
01928
05394
05723
04934
05095
01499
07990
01263
03114
10816
01609
09735
04389
11988
05794
02055
00067
12333
09050
13116
01809
02930
11588
03371
10210
10159
11094
08057
00467
10819
09701
07279
12836
07797
11799
11670
12293
01211
11550
07375
09963
01014
12084
11567
12966
02921
02754
00674
10297
00419
09366
02729
04222
00055
11193
08686
08987
05429
04556
10293
07022
05003
10145
02532
03526
03097
11414
03217
04428
01869
09695
13473
04700
13111
08508
11748
11814
12847
11316
02329
10394
07562
02833
09041
03381
12821
00553
01239
12232
11678
04271
12624
13232
09766
06688
05239
04804
11866
03451
00254
06433
09040
01439
03760
04363
10492
09006
07956
06285
01990
01696
06757
00972
00621
02596
10731
04734
05654
03508
13599
00058
04839
05166
03974
11897
13624
04511
06815
05127
09371
05507
02392
06713
00205
02896
11958
05616
03026
03524
08634
06960
12920
07637
06643
01356
02520
07574
06032
06401
07988
02663
08357
03576
09174
00135
02561
07756
07595
13532
02384
01821
01302
04189
07669
06210
09637
13515
11857
06843
00863
08029
01618
11694
01192
13006
07083
11690
02195
12007
13126
11122
08992
05765
03582
05146
02135
04795
05318
06618
12227
01759
04013
09439
04925
12075
07165
01801
07319
09836
01987
10677
03257
11986
07959
03154
04682
06464
01409
03614
10563
06506
06441
03348
07576
02521
09832
05236
12338
08133
06863
04496
02745
11691
10741
01995
05498
07521
10767
12652
04855
09261
08994
10533
02721
11356
04865
01350
12632
02818
05199
06272
01126
03747
12882
00796
08590
01276
09430
05595
07739
02792
05116
10780
09947
08548
02857
10867
02369
12987
07769
09794
13367
08094
00273
06018
11167
11672
04853
09576
03473
00727
10101
03067
04528
05542
02270
07236
06058
11082
05998
12046
03691
05225
12103
08003
04893
11530
11468
09196
13464
09341
05415
07893
08697
13281
05488
02358
09542
07728
02637
03403
11441
06252
03224
13458
08989
02986
08303
12349
09884
01231
00968
01261
06371
05092
05499
01329
05523
05356
07742
04063
13474
11028
00141
07303
07078
07406
07640
00441
10227
10366
12088
07886
03289
03055
00321
11084
10535
01016
11245
06804
06057
00314
04313
02324
07016
07667
09190
07356
00888
07391
05361
10124
12584
02682
11637
11979
09169
03061
02598
06553
10315
09210
09781
11408
10839
06953
07308
02875
05848
03462
13238
06108
05903
01762
08942
04661
09639
11201
08642
03294
09032
03981
03943
08915
09344
02425
12481
05401
08512
09212
10548
02472
01930
10527
01021
11574
01709
05679
05406
07776
11499
12512
00068
02304
05670
10259
11078
00549
04337
04669
04922
02543
07950
09951
12127
07687
12547
12796
09480
10451
13047
06911
12677
10494
11470
13011
12357
07774
08756
05856
09498
06161
12133
00392
07793
08903
09750
09650
07639
00997
11133
04940
08596
00797
03744
09850
00350
02032
00509
07072
05517
10890
11156
11954
03994
02253
07382
00914
05768
07039
09751
07855
03011
05389
03659
02202
11946
06832
07665
00646
06156
09093
12473
00313
07093
07208
08040
07729
01319
10375
05531
02203
11352
04457
02664
06642
06196
06567
10739
01973
09284
07892
09851
08090
04618
08794
02126
03134
12174
00450
12380
09864
05108
06091
10630
06840
09774
04310
01881
00464
11568
10478
00032
03550
07606
08985
09195
10518
11768
10181
03345
00528
13610
07898
05173
10453
03593
07509
05333
09063
07457
07830
12071
04050
06531
03068
04594
07661
06286
06368
06994
05263
12287
08220
08467
04006
01035
11217
06245
03882
02103
00610
06813
01727
04076
05215
13373
07499
01278
00632
06608
01471
09874
06344
02821
01148
04357
06834
04947
13133
04735
03915
03676
01660
04355
12659
03955
01655
08065
04928
07814
06940
09024
02816
11475
06484
00837
10277
11717
07645
11241
10901
06622
06104
01354
12614
03425
10644
09907
09071
00849
05738
07043
09588
02339
02970
04272
05734
01419
02006
09393
01221
02046
02254
09724
08602
05527
12694
05852
07757
03160
07966
00993
00204
01436
05233
00628
10661
04193
04825
11211
11004
10921
13105
01456
02820
06379
01535
03297
09590
10321
12082
02165
03370
10818
02427
00531
09812
00476
00383
09066
07732
01890
00593
13233
07592
03460
01279
07873
10764
12850
13395
10347
08516
09422
07731
10153
05486
11252
06163
10331
00582
05709
06838
12868
06273
04616
10229
06432
02288
09309
01332
03801
05066
07551
07120
00400
01965
07023
04733
11435
02272
08743
04986
01175
12169
13228
04263
01596
00244
09180
00332
06530
11042
03438
11177
06674
02215
03193
02622
11830
12018
12377
05405
11378
07761
01291
01339
13150
10541
12025
12173
07865
11206
07412
12867
06535
07825
02878
08345
12385
01349
00253
09227
07999
10910
12081
08843
11070
04007
00913
04476
04978
04131
04607
09069
06946
03408
10486
08926
09134
11969
11160
05400
00271
01086
10612
04339
00431
12873
05064
09768
09994
11162
05321
07807
04261
13401
09560
11085
07003
12384
08014
02171
05958
06281
07942
01136
11826
13154
04473
02039
04249
08941
09502
03118
01004
02347
08793
01391
08301
06253
02097
13330
02649
06343
01968
01140
05645
05341
12718
04449
11536
09493
12555
03164
11975
01650
09459
06121
13354
11648
05103
04721
07220
10232
04571
04766
03510
06395
02023
00692
10226
03110
12605
05663
11136
04147
02177
08217
12894
08539
02851
03633
04488
00471
13037
12941
04096
02794
01322
01380
12562
03245
07862
09073
00741
08778
13468
05161
06380
01974
02529
06559
12195
07291
05402
11860
08360
03380
08573
11503
01549
12863
00128
03228
06944
05121
10154
00678
05915
12396
09732
07047
00263
09932
10422
01758
12663
06203
01337
09413
11351
13019
05846
11532
11978
03596
03018
12631
06714
07060
09111
03697
12679
02078
07987
08834
12786
06048
08320
06737
02783
09494
03050
00615
02257
07318
11141
08411
05058
01412
04143
13454
07762
10501
04548
07877
13574
01642
07841
12065
02248
06590
08953
04611
03131
07069
05363
10042
03375
12960
13407
00638
06357
00238
11865
02888
07105
10373
07751
09373
09170
07284
04903
04088
08594
01400
05548
02140
06522
12421
07961
01184
12042
09324
07345
02603
05652
11403
12157
06246
04829
13613
04953
05838
01259
03713
09533
06961
02490
03295
01889
10239
07703
04153
12392
03402
00298
08140
04605
10201
04257
00690
05667
06921
03780
11600
02584
07649
05397
10135
06128
05620
07839
02150
04535
06170
13198
12335
01340
08222
01144
08265
02430
13249
04340
10118
10496
12812
06973
00790
08450
10329
02955
01181
02481
00380
00120
09370
00964
13043
12368
08313
07903
05114
02942
10074
04631
08712
02618
09400
05705
01465
00811
13065
03318
09193
06923
03181
05978
05630
09183
11022
11442
04997
04685
11874
11390
08580
03623
12915
01108
01283
03389
10288
01414
03951
04362
11148
01426
12223
10431
13411
05147
08184
04858
05919
03470
13077
00144
05827
00302
13606
00934
09986
02246
07632
03950
07109
13124
08386
12261
02929
00151
04292
13516
02594
01750
03271
06891
12491
08005
02577
00573
03356
11808
12681
05411
09205
11912
12069
04526
12023
10326
05043
05905
09231
09482
00940
09000
04695
10208
13585
02935
01945
11385
12773
04861
03772
02992
05957
09547
05746
03522
07143
06388
00769
04008
00994
08923
05796
07164
05529
11322
11005
11469
03077
02763
00474
02892
03369
01266
00265
02100
11164
00427
11821
05706
08841
02989
07025
04420
00703
10755
01477
09693
09308
05845
00783
10455
04427
11910
02460
10515
02214
11805
09105
04309
08283
11868
09391
10606
03495
11477
04874
09322
01621
12551
02517
07623
10387
11125
05443
03376
11109
06772
01823
10591
08382
01722
05985
00002
10559
05425
09649
10983
03693
11977
07176
12620
06861
12569
09722
11547
01345
10917
04908
11212
12461
05572
06013
10564
07989
08910
08808
06508
10296
03899
05724
10195
06374
09447
08100
10205
12967
03604
08611
09127
07280
01952
02716
04747
00960
05196
02166
06038
02168
05578
02286
02539
07367
04835
02142
07488
06066
05011
08392
11774
12972
06748
10420
04085
01051
10220
06781
00333
07494
05368
02678
08938
00291
06826
06907
07294
09154
08097
06665
11344
02876
13634
06778
11281
07037
00335
09445
06963
06871
13500
12188
01265
04832
11752
02482
13109
03570
08677
13598
00369
06827
07498
04803
12487
13298
09187
08266
01209
05614
01050
00557
00169
12731
04159
04567
07234
04034
07842
13643
13309
03017
05980
11765
05962
13036
02386
10179
11203
09749
02218
10986
01080
01944
02321
07286
01049
11544
07758
06160
10014
05712
08954
00669
00893
11631
10264
03808
05131
06204
11668
09985
10670
00374
02770
09900
08846
03038
01787
08329
04092
06288
03927
03787
13056
09323
05075
00099
03665
13224
05460
10146
06328
02412
06415
05901
01096
08193
11647
02999
06913
05611
11269
01358
07849
00622
03374
04501
11712
02765
12782
08960
08433
10538
03321
12671
13029
05807
05721
10912
02015
10444
12649
13318
06897
06077
08098
12401
13263
07545
12695
13179
04402
13114
12517
03757
00216
03842
10295
12062
09275
05479
00902
10048
02340
06887
04840
07320
03781
02609
09136
10708
12942
03000
00524
12030
11068
03616
01557
10055
06135
00673
08102
10163
05992
10640
05570
10151
09377
05372
03918
11439
02275
03945
07021
08948
08817
00034
05204
03957
00209
13062
12713
10234
12295
04577
09211
12865
04630
06297
11947
01786
03826
08914
09278
03022
12769
06576
06941
11433
09943
06799
12542
05501
04875
10133
13329
03206
00171
12768
07282
03113
02655
11835
08671
12508
09680
00718
06387
04078
03283
10285
06989
05571
02344
02656
01773
08598
00127
12397
05152
06584
05350
05438
12488
00780
08017
07026
00681
10707
08110
05900
01764
11247
03089
08243
07357
02296
04317
06188
04099
04788
00771
01357
05837
00180
00922
07569
07593
03063
04274
09113
10001
09840
04215
06573
10204
03959
00787
06859
02744
01665
10985
05612
06794
05928
03307
07977
11108
00093
09696
13463
08597
05115
02280
04755
08387
00494
13406
06696
13285
08469
08545
00976
08129
05414
11489
08685
04100
01910
02533
03607
07211
10015
07416
05313
09100
08492
02294
07506
09085
10959
05182
02977
03654
04782
07953
12067
12978
02941
09387
02092
09899
10903
08601
11928
05968
08711
03895
02515
11107
06266
06372
08558
01793
05269
00189
10209
01487
01593
02313
12944
13481
08485
03216
03001
11337
11811
00932
09406
00288
09316
01223
05081
05728
05556
06438
11474
06975
06197
07827
00040
11776
11393
07442
00812
12895
06059
10909
11534
08868
10255
01799
06451
06036
01556
11676
06872
10021
13157
07077
05454
09503
12994
13361
12033
09532
05135
10980
03793
11039
07182
05703
09937
06473
05673
12269
02709
11922
07307
06945
13573
11357
00004
13191
10272
04846
06773
11917
12878
10409
05472
12904
01877
11146
04837
11437
04743
07960
09325
03211
01617
01025
01458
06137
05896
08771
05907
08698
00129
01899
01009
03622
13347
09916
12298
03631
10968
07585
07222
09337
06193
07272
09501
04826
01233
03880
02761
05624
11902
03818
01989
06055
06251
01318
01106
04581
04345
10436
01384
12687
00579
10292
00069
02026
06459
04910
09702
00939
04062
06192
02979
07018
06242
07746
05126
07993
05829
10804
04122
03072
07459
06775
13211
11002
02110
04409
10808
08169
11701
06082
07737
02906
04280
04894
08962
09062
05502
04608
03140
07871
02621
04385
10040
04513
00121
08242
11642
04517
01250
11862
10138
03364
03261
09791
12460
09632
07583
09573
01647
09125
07932
09631
10616
02959
06895
07853
07657
06930
11927
12123
11623
07053
09600
09409
12531
01280
09904
01000
06021
05428
09375
10155
00734
10139
03053
07177
10788
09347
01868
05538
01257
11661
13257
09755
10675
01628
06800
11067
06958
02665
00856
10123
08047
05267
00015
00329
05591
02299
11208
06217
12743
00177
07287
09056
06202
00048
00899
08502
03082
09220
08853
03852
09164
05051
02606
07616
02715
12472
06611
13007
04154
08500
03517
11176
03934
08618
12642
08659
11790
03219
03980
07650
06259
05264
02450
01744
11446
02884
08470
08684
06046
12911
05986
06549
07983
07258
01516
11983
11161
11478
02094
04595
04515
01234
09415
11734
05580
01749
10747
11486
03831
01011
06915
03565
13209
07435
12448
06690
09417
09540
07449
10290
13580
03816
12056
10924
09307
09586
12312
06513
04360
00763
03761
12354
04836
10386
08046
06257
02364
12126
08905
04537
03159
01872
11898
06164
09528
01514
05036
11870
12117
10172
03100
09760
13171
12943
00725
05029
01932
09060
11545
00210
06382
04729
08227
13188
06992
05647
02643
08875
00526
09757
08803
11715
00083
06739
05857
08206
02510
13635
07882
03762
11806
09636
00491
08648
01448
13266
11372
08887
01238
06320
10864
00663
12754
07900
03060
10880
03669
11095
05212
01191
10575
07103
04370
08541
10971
07954
11485
08738
01469
04870
05024
05377
06914
07396
01531
01856
09023
10002
09930
01729
06416
03467
00693
03544
13393
10097
03241
07952
05704
00961
04970
08864
04774
06769
09007
06061
05651
12336
10831
02814
04109
13637
11365
11050
02759
00489
02439
09708
05082
01287
06493
06412
12482
09743
08031
13142
02434
08448
01094
06169
07522
00522
00502
10122
12215
09583
05076
04296
11616
10225
06654
09690
02877
09084
03422
02749
10805
06974
01629
13153
11006
10963
08769
07775
02508
12097
11476
10853
07244
12270
00307
09226
08921
00746
10950
02798
05628
08472
11319
02835
06168
06795
10187
10994
12019
00838
11608
09035
12148
08944
07857
00379
00324
13467
04172
00975
10988
03698
10330
07090
04744
11819
00211
00514
00613
06705
02074
06571
03687
11029
02480
07409
05752
04531
03410
05832
02227
08693
04540
07370
04881
07147
06615
01235
09739
06656
10307
09875
04382
11443
01687
13044
00942
03347
01167
01464
13073
00364
10939
06366
13216
13082
04926
02314
04211
06857
11943
03251
10022
09906
07080
07933
03031
00543
04867
09049
11079
09340
07837
04715
07980
09425
10389
03502
04038
11915
02631
02231
09581
10542
03820
06115
06554
03492
08707
03085
04377
03145
02144
05213
05201
06444
03377
05869
11721
07725
01760
08045
03019
10425
02897
02487
04415
12656
00134
07462
04918
00896
02753
12106
06793
04507
01734
05974
01517
01840
06373
10099
09145
00578
02125
09659
07364
06496
10593
02243
04110
12866
09132
02160
00680
03505
01501
11725
04932
10947
09265
13099
05931
13314
09098
04160
04089
13384
01406
08718
04899
13143
09147
07854
05104
09238
02991
11812
09666
02769
07250
11842
05877
07281
13026
09679
11876
06453
02082
12475
05410
11074
01883
03879
04882
05030
01052
10613
08490
06085
05639
06818
01405
09197
02674
09917
08787
05278
02547
01644
02101
04028
07772
06025
03498
08577
02791
13264
06419
02987
11599
03970
11487
10878
06862
09942
12325
09294
11260
04033
08668
00114
07035
07913
13439
10759
09592
12328
09248
05621
04964
04597
01104
02444
10011
11906
06721
03215
05422
13583
07249
04156
04841
09234
09349
01122
06809
02573
01227
11596
07527
10317
09599
11458
08120
09816
02926
00217
01269
06698
09723
03433
05244
11244
12314
12272
11893
05297
03606
08132
11019
02829
07363
08475
04981
02415
07859
00761
02730
04489
12470
11025
00077
06300
08814
05068
11638
02303
03688
00532
12795
07107
10327
08275
13400
01677
06292
02373
03686
02161
13113
11083
13260
02398
12140
09827
04250
10964
00798
12930
03450
00268
03573
00560
02619
02879
10301
03349
10663
06231
09470
03844
11481
01807
05826
05113
01226
04628
11192
01480
06223
07673
04745
11581
04738
08276
05346
00802
08273
08517
00415
02118
10413
07943
08424
01097
10852
06130
02464
13100
08848
03667
05699
02184
11864
00905
12511
02611
06610
12670
13069
05467
13031
12968
02699
12669
02686
12591
03662
07896
03190
00895
01309
06209
00750
06008
08524
07858
01325
00603
13534
07117
03095
10384
12995
04134
11755
11158
08805
13586
13412
04470
09089
10846
09350
13587
09171
10058
07487
08212
10685
03810
01861
04072
11253
00033
11307
04508
12233
07936
00541
02276
08869
07128
09798
05855
00448
10170
00749
03699
01743
07684
05763
06562
09585
03737
10096
02947
09287
05310
07373
08681
04429
03285
08108
04943
03581
05884
05353
04195
02630
02205
03798
11380
01736
00732
07600
08155
00341
08440
13512
12320
11210
04780
03353
08799
03249
07821
03161
01789
01765
12219
00346
08645
00817
09819
06694
13139
00079
03066
12048
00318
02255
13247
02278
02788
12833
05735
11869
13004
13524
07298
11052
05886
01390
02486
11405
08861
12751
03070
10064
01909
04338
06528
05522
03754
12258
05039
11901
09563
05550
08949
07201
05850
11413
01088
09657
10529
06268
13291
01015
08564
03065
12365
08625
11803
12654
02363
00371
10279
09983
07570
03107
12708
11657
06546
09206
02698
12706
09584
00631
03439
00213
03416
08600
06603
06711
04732
07630
06191
10722
07167
06483
01711
07484
11430
02723
05305
12137
12765
11683
07644
02399
05934
02406
01467
04791
07749
06668
07931
13480
08000
01069
13049
08623
04425
07875
03929
10365
09597
01034
12022
08152
13611
03536
06375
03378
12683
09396
02726
04398
05099
02115
12759
05217
05221
05981
00309
01118
06079
13023
03708
04308
07619
07969
12837
08353
06092
02852
03751
01129
00614
00679
03765
08066
08913
08041
10690
06811
02443
05561
03990
02053
01125
04200
01972
06142
09691
09879
09434
13460
10651
00886
04401
00097
07432
05793
11250
09752
10134
12471
02451
01940
07982
05240
11594
06056
11723
05276
04170
12276
09201
13341
03782
12405
02859
12425
00437
09889
03648
07283
08691
02226
07379
12058
08682
10222
02437
12153
02842
09821
08748
09734
09250
12400
08895
11762
05641
04891
11593
07434
02155
09059
11649
02382
06935
01813
02549
02524
03903
03501
03783
03069
11256
03768
01542
12844
09432
01304
03320
02919
07677
07536
10344
09556
03660
01912
10353
03939
03386
06397
11261
11514
07365
05380
13562
08572
05262
08652
00100
04806
13554
07428
01948
04392
02881
05117
02173
04151
03989
08899
04827
10989
09016
01054
08737
10085
00984
04064
01603
11656
00708
02065
04184
05866
06187
00385
04461
11849
00461
12981
04844
12373
03920
09919
09419
10781
10996
05539
06262
04674
04165
12026
08158
03597
10810
04070
09854
02420
12779
11711
08615
09961
06802
09967
03608
12991
08295
06886
07891
00337
12764
13620
04041
03172
07696
02948
04554
00130
09301
11170
06699
04067
09106
09460
08347
02693
00011
07458
03333
10571
11871
01229
02774
12404
06566
08757
07561
12617
11097
04048
09389
00883
03322
13255
04247
04937
11114
04120
09310
10185
06951
09769
02167
03930
13000
03748
04854
06816
08982
12434
12625
04342
11792
11411
08370
12480
04955
12520
02222
10390
09403
00439
00039
10895
12906
09438
11895
12168
03864
01030
04221
12653
07390
11515
11384
09123
05391
06254
12859
10273
07418
07204
07697
06640
01427
05910
11522
08901
07863
10243
11552
06592
10031
08198
10098
06909
07084
05326
01900
05951
04361
10497
03527
05395
00938
13315
00740
04219
10349
07550
00916
13193
06413
08159
12496
05246
07916
03049
10582
11843
02997
06836
01719
04647
10944
12674
08540
06774
09589
13561
02810
08813
11848
06247
09165
05407
01674
12073
13094
10797
10528
03455
09075
03891
13394
03788
13469
10750
08131
04820
06007
09817
12494
00019
09525
02537
02113
00654
06062
06673
12388
07205
10579
05767
13605
05551
09748
03756
06706
11081
01078
01694
12646
07579
01895
13526
04972
04126
01038
05694
03446
07799
07139
08730
08170
08637
03743
00567
05946
03338
02232
01520
11180
10522
06842
04397
02495
04446
10333
01664
08361
13514
11775
12948
10521
06874
02872
01071
03603
00326
07188
00167
05840
04150
09162
00386
13593
13343
12592
07856
03188
00570
10946
05889
07698
06575
13595
08317
09334
06212
00835
05062
12149
00608
03497
11542
07163
11196
01692
11699
02041
13312
12909
10666
07811
01415
07577
01355
07013
00665
08161
04877
12151
13091
02668
01735
02096
05008
01724
10406
02902
12701
11381
11428
10324
08358
11140
02949
06060
01187
13237
13505
08501
08762
01616
01563
12300
01613
13149
05342
12197
06199
12575
06955
10045
04902
04324
12017
07332
02401
09965
09828
09272
02846
05568
05520
00206
13280
11472
09903
01643
07921
08918
03260
10094
04505
10158
04359
11702
08244
11231
08728
09545
10175
09610
08385
06403
11962
09411
04977
12609
06078
12735
02219
03595
08928
12264
12564
11020
07782
07010
05336
09706
06620
01045
01437
07646
12733
08927
11763
06053
01835
07190
02748
11392
10343
12343
06354
02974
12086
09856
03534
12824
12334
08723
03587
04807
01076
11697
12734
01962
10490
03081
09319
02413
11940
04468
01915
04234
06860
01342
13086
07134
03857
07824
11213
08269
01333
08376
05577
04125
13001
12504
02747
07161
06005
02504
01555
01286
05373
10019
02985
09235
00222
11290
08232
08154
04178
03850
11972
04044
00347
11497
10062
01538
11275
00629
03275
00801
01689
12099
09625
03965
08907
12436
00611
10503
03126
08704
03647
04649
00085
12043
08473
13119
04369
08330
09858
06644
11551
02702
05519
02377
04236
13279
12095
10251
03836
00328
12115
10592
02441
03866
09077
12664
12119
02152
06949
01645
10392
13250
02249
07239
07315
10103
00125
07227
06776
12110
04935
13408
06166
05659
07476
05584
07949
04999
13576
11421
05606
09311
08237
10987
12247
05914
05916
08995
00078
13259
03132
13452
13046
01504
11451
06022
00515
03766
04403
07678
08208
10530
05779
00429
08205
00372
07845
11887
09514
11873
07074
12399
00453
08356
00892
05844
06597
09047
02397
06516
07336
00267
08307
04404
13453
06526
07563
02446
12116
10509
04251
12750
09577
07156
05674
11010
11800
10076
00924
13199
09079
02843
04590
03292
08587
11739
05554
09477
13479
07033
06279
09133
12969
05061
03814
08462
12037
12973
03360
05736
01970
01020
04171
08706
10812
11157
11509
01255
09873
12003
01195
02083
08075
04688
10960
09647
06684
03715
10007
01922
13327
04533
08160
04984
03893
00043
01526
05090
08529
06783
13041
02607
08128
12899
12596
04475
02847
03752
12845
12698
03316
03786
08468
10038
01904
12109
06127
10476
07296
07097
08219
10093
06786
10221
01300
03823
09252
02474
03162
00012
07209
04435
10169
08631
08410
00460
09368
11432
06599
10655
01203
05174
04164
05677
05690
09435
11455
02540
08951
05155
11816
02149
11086
00456
12523
10588
03443
09891
10930
04351
08570
13325
05352
03696
10772
03004
13525
12395
09244
07089
02646
11527
08321
06652
06581
04956
05940
00064
10057
11422
02186
02391
11703
06957
11033
06744
04466
11740
13226
07510
02925
09160
13415
10385
06306
05284
00076
00071
12537
00926
12961
00653
07721
12798
09633
06899
03817
07191
10537
10621
04406
04927
02519
01966
09877
08350
07469
12273
02886
01837
10926
05691
04311
06876
00809
10664
03838
01085
11353
13478
02771
06075
10765
09617
10241
02179
06028
02613
10403
08425
11138
03148
06797
04029
06888
02289
03314
12489
10552
12319
03208
03580
10142
00712
02311
12797
13375
09656
09376
11974
05432
01082
06692
03461
11459
05860
13476
04396
03545
06545
06094
05908
04678
09807
09716
07804
04495
11362
09714
04713
11923
05007
09351
07642
03629
03946
08576
12359
01646
09116
07692
12426
07588
10052
11538
03674
03024
05495
10450
12375
02817
11851
07880
00232
13002
05925
01524
10601
02128
04146
01472
05631
06319
12439
10662
09936
13628
10240
11073
06171
09508
02586
04021
04754
03561
13617
03859
11491
05813
12627
12912
13596
03021
11562
11394
00583
02641
07385
00985
06323
09167
05041
01434
06312
01460
05754
00874
05156
09471
11061
07113
12015
05097
08173
06294
08845
06159
02932
02402
00807
04190
03548
01726
11195
11700
13107
00513
12767
12565
00175
04173
00873
06000
06547
02098
08422
11426
09117
10536
11741
11204
08749
05963
01508
02385
00957
00262
03441
02645
10230
07351
09872
07894
06680
11773
06758
02038
07819
00223
02951
00275
04979
09704
13371
10423
06586
11521
00989
11879
10686
12611
03156
02913
02073
10626
00716
01252
06317
04546
11759
07095
06185
05778
00185
02632
09208
09795
06391
02351
13377
12949
08521
01924
12474
06342
09945
11840
02960
12467
03914
12599
06369
13502
00292
08956
08878
01182
10625
07971
00146
01174
08085
06239
13160
06873
06172
08990
00207
12220
13158
07347
00233
08209
08766
12160
11427
04775
06017
03452
06136
02308
09612
05859
05124
07183
11335
08616
08039
13290
07241
08567
13076
08412
04538
11764
00973
03707
10785
02106
01633
13550
08584
02293
11117
12077
00003
12438
11373
01625
12805
13644
09594
03088
10904
09065
10214
04644
03731
10350
02538
11457
12544
02319
01002
02704
12358
09975
01785
02661
01170
10990
11931
02036
08308
13024
01326
01324
06702
06756
08409
04642
03889
04009
06145
09083
09332
10648
06390
06540
07828
07846
09382
02731
12498
01548
05609
08708
02567
11323
05383
04746
06892
10034
12607
12292
10578
10908
10325
12371
01636
05140
07376
02683
07408
04945
03090
12629
01245
08300
00388
07663
06461
06425
06189
12872
05096
12238
10646
02012
11001
09157
09692
09876
08418
05063
09259
05138
13212
12945
06908
02909
04523
06345
10659
01997
12601
01942
08061
00036
11579
13405
11777
11294
11453
05627
07658
05818
09055
07947
09925
02330
07153
11886
09634
07305
07151
09568
12870
12703
04793
04707
03363
09966
09685
06443
11175
03240
01314
08626
06016
01017
03083
00978
07672
11054
13608
02305
01829
12924
11920
01748
09826
08239
00730
11655
07404
02068
11520
08622
10725
02034
10059
13239
06463
00280
11963
00088
09443
07133
05725
00132
03483
07970
05715
07027
11410
08207
03553
01721
04492
08480
00588
13040
04799
00699
03429
02376
01892
13594
12256
11956
03039
03315
07019
08074
07844
13042
04256
04862
10504
01812
11480
11565
00672
04233
00517
07295
09811
01543
08850
12788
11770
09957
01067
07597
08877
09894
13472
05589
08643
05483
11666
09401
11724
07964
06411
01675
11998
02870
13146
03423
12740
05180
01210
00555
12709
01602
09970
06040
10215
01103
03689
11817
10482
12277
06494
01901
07110
11582
10632
12286
05119
03588
07256
05814
09088
06073
04336
12178
08641
01408
08343
01296
00426
00935
10115
04545
10638
11641
04502
08822
09338
11291
00053
08996
02200
12484
02228
00576
10395
08820
09678
06906
13627
06664
02151
12009
10583
06524
05285
07261
08452
11612
07979
12194
03543
06741
09990
04720
02827
02438
03203
01218
09364
08939
02266
04624
04465
03690
01959
06474
