12558
04774
15075
01845
10072
09113
10498
01871
07236
04474
02004
08508
09118
09513
02775
07305
07445
10703
13251
15195
08216
14985
05475
11977
01295
07134
08835
03516
10624
08338
04924
11747
10203
11020
09307
10040
09729
15232
06775
13796
00913
11545
00885
10768
04119
12494
02215
06389
03335
13324
09318
04623
02478
13961
01168
06188
03694
09202
14691
13066
07063
01379
03291
05108
00568
14144
00824
08681
01536
12368
01210
06554
01169
02725
01696
05346
12984
04645
03714
12685
09161
02733
01568
09356
07359
03245
07966
06455
00141
01528
05084
00099
12309
06663
04199
03212
03179
13892
15170
14535
01355
06168
15021
13780
13010
07426
03701
03005
05788
01284
03958
02422
13482
12328
13819
13235
06957
05054
07910
02503
11247
13911
06126
09388
00936
04150
13611
09182
00218
06269
09553
10309
01296
13586
13039
02165
03345
08344
03857
08417
00820
02907
03277
14612
11412
09615
07702
11538
12610
13655
13907
02169
03773
09471
15415
13556
06938
08197
14650
00264
04540
10254
06662
13787
09079
09205
14553
11592
07907
09239
06848
06767
02467
04866
08889
06671
06331
10734
03489
08994
08542
09907
14377
10475
06255
02952
06103
12407
14805
12361
08440
05725
01707
09379
14713
01033
10240
11374
15585
02636
03446
14295
13902
07627
04098
08978
05256
14886
00445
02765
13159
14006
03950
13609
07459
12453
10220
07871
09987
09281
00970
00417
12440
05830
12683
14068
11781
12239
10621
01927
07541
06722
11577
01456
10049
13322
03004
04511
04171
09882
11962
01413
04130
11858
08574
14932
04902
02645
03787
05743
06691
00272
09754
04005
03167
04322
14182
11361
06597
04209
04367
07473
10418
14171
11804
14184
10526
08933
01457
01077
06547
08185
14448
15482
04558
02164
04644
07824
04116
07577
05368
13632
12644
06010
09962
13932
13121
09143
04514
09272
11278
01268
03760
04977
09849
14082
09919
14506
00202
08727
03774
12718
07633
15055
00053
13964
04917
03586
07821
07728
04950
12111
02924
12027
12528
15467
05410
12614
15353
14396
11976
11013
02787
11660
11941
00562
04095
07037
15427
06446
08033
01547
03808
01887
09582
07175
00801
08095
07448
14430
08865
13945
01645
08463
11666
13719
01983
03526
06986
13339
08555
11513
13029
05759
08408
02630
11134
12837
11481
06726
01427
00728
14513
12787
09335
11727
10899
06024
08549
13705
14885
05453
14421
06742
07671
10572
11307
13124
14427
15356
14641
05825
11887
08313
09864
05915
09594
03383
13211
07897
02189
05508
04249
02526
02126
04722
08177
04189
11211
02544
01318
03785
14085
13413
03136
09572
01699
02451
08286
06436
13824
07078
07233
04370
03320
01485
02147
13234
03869
09821
15458
06089
00497
10660
03594
12866
06355
05409
10057
00463
04982
08559
07847
08958
09878
04509
07368
13636
01514
02927
02836
15010
03334
01069
02016
00716
02961
13925
10384
08888
09867
09061
03917
04909
06317
02507
00614
07982
01072
00047
12327
07873
01079
14505
10401
15549
03318
11953
14309
06161
14722
06828
12336
01450
09526
12760
05117
04207
02148
13935
07566
03414
10799
04638
07284
07244
02014
07463
12123
13638
03856
00138
05570
13870
00785
04914
07498
13187
12804
04848
08516
05490
07825
05621
06543
01638
04815
07055
09341
03133
12132
15115
01082
04258
04591
09336
14288
13647
09633
15327
11317
07413
04706
08594
02343
01955
08435
02706
13008
01166
06568
10902
02703
08992
09057
01854
01993
01647
04750
10483
00402
12192
07575
02821
07893
10816
12272
05345
09421
09196
15211
06059
06700
02761
12977
04764
05444
01768
08967
06454
15182
12910
01633
07402
05103
15104
03687
00633
03893
13184
11786
00859
03470
03266
15569
09567
03442
04677
03068
03744
14436
04170
00880
13093
11116
03674
09542
12779
00940
05236
02624
11969
00641
02918
02445
08693
11080
03232
00861
10695
05819
04513
08170
10501
00082
10136
12165
09638
09499
04092
12585
14906
05530
04898
09736
12925
01562
12577
05056
05691
00422
12870
00244
12985
14817
04933
09306
10262
06152
05488
10143
07027
11319
13253
06050
07395
13550
13885
12102
13716
03629
03195
08203
07479
00842
00819
09763
04241
02011
14539
03082
09719
12340
09859
10562
01529
12245
13929
14953
03188
14256
14457
09434
10825
07397
09985
07081
05230
07065
13919
15025
05822
12204
09330
13711
02166
03722
12642
06634
12038
13571
00039
14509
00204
11617
05958
04971
12287
13836
09384
12944
04995
08614
09367
12741
02200
14456
09478
05849
00147
12650
15345
06532
05831
07964
04118
10709
03813
00808
04363
02871
11972
11389
09022
09950
09500
13216
05954
06576
13654
05707
07567
13244
00044
02576
14562
04077
05338
09833
14031
05288
10122
01793
08806
14584
06830
00834
05982
06529
05602
07682
14258
09134
00592
14210
03995
11131
06253
09917
01282
01452
02373
11765
00441
10864
05787
02110
05313
06192
11585
07688
07416
05661
12025
07388
12462
02458
08490
08332
00590
04604
02769
12436
04828
04473
05582
07149
12897
04203
08073
02724
04533
13112
12161
01402
11437
01960
12673
10062
09546
04797
13027
14905
04426
01094
12396
07358
03832
13391
03695
05833
02865
04852
14282
04553
07726
12701
09065
11845
08683
02317
09970
09596
01747
13592
03700
07832
01071
15384
03657
03841
03130
07422
04174
07997
14056
09005
01292
00746
14384
02282
01018
05259
03259
10507
06942
04027
08315
04379
04903
02138
09019
07038
02541
03031
03838
13531
09127
03709
09162
03095
11685
04054
08938
07019
03466
13196
08638
08714
14358
12366
10451
10267
00515
02364
02261
04803
02414
05718
07363
10373
13421
04108
13694
03839
07042
00188
14199
14971
03561
09390
11778
11605
13004
03794
06017
05298
06709
01067
14527
08097
10579
08377
12091
02377
13301
01842
08294
14608
04659
07443
06348
08192
08868
07535
15281
05423
05762
01301
01640
05767
11310
05271
09305
01107
02061
07659
14649
00265
10933
06664
07025
14406
00860
15305
06551
11175
08983
10268
01555
01889
10796
10426
00650
04612
03662
09750
00182
04802
12044
05070
01326
02455
01712
05955
00948
05110
02832
10278
10405
04653
02133
15475
10343
02313
11512
13532
07166
10339
13656
10390
10981
12992
14378
15526
10255
09465
09925
04786
10443
07477
06684
04582
01372
11336
10719
01847
03146
10230
06931
04992
01559
03184
12261
03732
07147
03402
13314
06695
14168
15403
12394
08780
13430
01577
11428
03909
04527
14238
02345
03930
15536
11327
01504
11032
00723
12456
15382
07960
08201
01953
05676
12570
05373
01609
15018
00219
08137
00330
06307
00613
09425
01950
00260
05986
12063
08784
02178
11570
08970
05667
04541
01261
10623
03563
14769
10161
15593
00011
04491
05742
02155
08717
14748
07187
00917
13934
00367
09725
08521
05558
04233
05814
08790
14672
00263
11367
12449
04479
00324
04257
04723
02912
04674
10423
04994
06087
15426
11883
02876
00394
05865
09449
00989
04559
09137
06844
02294
05484
09770
11157
15123
08147
13813
02314
04867
07275
03319
07905
01127
00640
12095
01677
07454
00341
00135
12761
12601
10235
12024
12636
03083
14487
09092
12259
06969
13319
03313
10331
06110
15252
13105
12507
02023
00809
02123
12445
09148
07755
13878
10474
09241
05844
13688
15355
12933
09271
12128
12227
00619
08373
04460
04990
06286
01486
15103
10558
02380
09036
00721
08968
13733
09565
02674
06061
11819
03079
14227
02900
04133
14853
14895
06476
05581
13875
08029
14856
03949
05004
00055
03362
09856
11330
10610
00034
09915
13221
12170
00901
00635
14958
11716
10682
10383
15377
07074
09815
03755
07634
12118
02861
07813
08694
03171
08039
10069
05361
08935
14549
06092
14534
09937
08146
01972
14901
12813
08934
08098
06468
01916
11469
14759
12979
02464
10564
09885
05112
08570
14216
07742
15262
13623
00359
08519
11907
08857
11029
08692
07810
04176
12362
00024
02930
12756
11373
13498
06321
13554
03424
15372
07788
03343
11602
12464
07675
06941
10329
09250
13751
06620
01389
10017
10583
13303
07282
06352
07792
13264
06383
01419
10310
01081
00786
12110
05934
13044
15192
14118
12253
02601
09507
06834
04608
01409
07584
11124
12131
07478
07191
08724
01657
04849
14633
08056
07240
01945
10959
07353
07880
10634
01014
06813
07610
10960
10404
14064
10581
12647
06451
06517
13102
11991
10367
06800
04687
08078
06519
15246
02960
01011
05996
06198
09168
13143
03204
10388
15145
06956
07199
05505
11537
05199
10587
13884
15505
00208
06245
14037
11351
11749
02867
12406
11272
01999
00029
10782
01340
08768
02889
14411
12879
07268
01693
11359
00452
05547
11855
06791
05544
03219
10591
02321
04378
09089
01106
08503
13706
05803
04117
02606
00216
10955
05816
08500
09279
02682
09109
14342
12715
00853
01411
08009
12089
14136
13192
15148
06631
15131
05715
14005
07372
13850
00680
10911
13896
05965
06604
08729
08593
15235
03680
10534
01736
02284
02031
03469
12629
13825
06981
11833
09610
11746
08420
09475
01236
12017
11203
04545
12873
00583
09407
00706
04633
11514
01420
13743
13241
01976
01594
10617
14371
03305
04076
13428
08807
06603
14543
11470
05253
01465
14657
05502
03689
13823
11557
09191
04829
14913
00378
03135
02221
08534
03097
12268
05894
00001
03697
02851
09881
07098
08229
11829
00993
04576
11491
05028
11238
11817
06738
05378
07580
06747
03276
10202
05588
10935
03322
01097
02015
04177
06071
13356
13657
15518
10058
11628
12821
12927
04816
02480
07183
11305
07281
01856
00228
10797
07309
11306
11510
13119
10189
01266
14881
08357
04421
02021
08407
13450
09366
02690
05876
00159
09687
00314
09785
13046
10606
14941
13756
07710
02802
04030
07487
04237
11893
05015
11672
07915
01780
11780
03981
14057
13290
02253
07079
00509
07561
01966
02877
08304
12156
01971
03970
06302
09068
04498
07900
02929
00049
00413
11562
05332
07739
14812
03989
12904
02057
09394
14887
12034
07164
00189
05813
12588
13841
08136
13146
04926
02735
06693
12518
10350
12348
13956
04068
08540
07113
10132
10646
08451
10035
03545
02739
12516
09573
03481
05712
09527
05467
02581
02069
03916
00787
06492
15409
04452
14787
05011
08965
13745
07229
02590
05439
10822
03977
13936
05039
12147
00686
00097
01907
14888
11813
06154
14125
10341
15276
14796
02665
02354
05877
07941
03937
02770
13444
13452
07423
02328
10469
03409
02693
09984
05636
06088
10208
10113
11365
08989
11721
02289
08008
08112
15202
07096
09990
02607
14822
05067
00980
14297
01748
06528
01681
01405
14435
10784
14529
05351
08546
04854
06943
14943
14914
05960
07246
04248
02193
00329
05697
10851
00127
03781
00199
11294
15230
05979
08074
03644
05245
10477
14939
13807
01892
01936
05357
04449
15583
00416
08841
08439
10297
00998
00348
15011
15029
07816
00593
09083
03202
02365
13456
10274
00870
11046
02118
00727
08180
11573
01621
05304
10328
05662
03517
02886
01674
05286
01174
14034
06364
11853
11713
06184
12186
04504
02729
10676
05664
10473
03264
05053
14836
07643
14356
06997
12699
08845
03355
11418
03681
11360
09844
04548
11665
11535
08477
07845
13123
14260
11368
06883
03486
10442
01235
09071
02195
09581
12764
05628
13052
11951
08849
06074
07635
00309
12320
11777
08152
06169
04057
06212
07254
10279
03458
10774
13781
07048
12262
11568
05492
12171
06644
10808
07475
13268
12196
03550
09254
05643
12830
07711
12337
01451
03611
13505
14852
04360
07338
02653
12702
04573
06951
09636
05207
00214
03125
13883
05380
07957
11378
01384
05629
08952
08448
01880
07939
03862
07180
02856
09518
10131
10277
08293
06357
15582
10713
12680
02575
10089
00243
10398
14165
03972
00479
06045
14131
06048
03367
04626
00238
05389
13489
05647
08085
05218
09733
09218
06165
12732
06474
02870
08859
15598
05066
07787
05680
14735
11108
07444
07035
02685
12130
01293
05928
01765
15572
05442
15552
10156
03096
00939
06881
00837
10594
05543
09643
00599
14393
10531
08511
07888
08586
12583
07112
02348
06037
09067
12205
13340
01286
04433
09170
13768
11086
02033
08241
11561
11335
12841
00833
06020
00663
01822
09555
11954
06316
08418
09208
13017
08414
01868
11572
06336
02842
10657
06459
03503
14950
10794
15564
10018
09742
10833
14129
03564
12448
01498
09820
14071
09075
02177
09466
08154
01777
04029
14933
10994
03896
07926
11053
04939
01204
01541
02456
11417
11863
02651
11484
12266
02792
07052
04609
06953
14305
02701
01160
07809
00322
04347
12858
05798
11803
14643
04921
13761
01100
05967
14675
10086
02864
00957
14401
14243
04178
02542
09295
12307
02976
12996
12653
14897
13661
04015
14899
08912
00364
06199
04742
06178
09213
10445
03809
01233
01115
10867
09661
14192
10223
08608
08705
05020
05619
05973
08273
13763
11945
10791
07337
12885
09817
12784
05204
06861
10369
12107
00502
10046
05747
14467
12697
00351
02369
03742
09194
07404
10986
00776
15491
09102
10490
07958
06210
08817
05554
03553
09698
08923
01104
06656
09909
13359
00478
12295
08431
09164
00128
14661
03072
11988
13776
00767
01043
09337
04190
14528
11838
11525
01546
01675
12224
06929
03301
07049
02939
11304
07861
06100
00473
07801
05536
14973
13113
09696
00574
12849
14572
05447
13939
08975
14976
10540
09228
11073
10849
10781
10741
04402
13326
14334
01516
02264
14652
12314
10839
10910
06996
07273
09647
11147
07279
08424
02825
10344
13106
11647
02433
10102
02973
12357
01626
10568
13167
06271
10778
12825
02717
00045
11622
14051
10461
08343
14067
07094
15488
10705
02439
02786
13692
15081
08036
08363
10010
06713
13360
04865
09326
10137
00008
10083
09110
00754
12042
12229
13969
14422
00823
06570
01006
03864
10038
11477
02009
10333
01182
00489
08106
12569
12920
11208
04891
11533
11932
03863
03450
09169
00999
04986
09788
14724
11414
06776
10355
09323
09324
00014
11910
05347
01505
01697
05748
00975
12275
07606
06483
07874
06815
08803
06651
04702
08320
11041
15312
03324
06706
00025
04375
09940
15227
03117
10037
03307
09047
13721
10503
08125
03034
05783
01811
12203
05080
11045
09569
04352
10349
09261
00071
15271
05316
10597
14847
13067
13765
08576
00247
10305
05113
10482
03041
14075
03374
15023
06496
06359
13564
12940
13034
13476
11379
02936
02704
11003
00505
00513
01895
10026
10672
00543
10504
07054
12976
14140
10496
02844
01035
15100
14623
10608
06870
00284
11438
12713
12150
12081
15367
03651
13426
10428
02259
08869
13575
08352
04166
10613
13523
07507
13821
00565
03170
01039
00972
00428
05937
05562
09043
15099
15359
07637
07270
13486
03616
14500
04121
11210
12317
15213
09312
00544
10173
06806
07812
00741
14660
00052
15573
07955
04827
15389
11959
07547
04089
11097
06692
00235
00629
04699
02914
05317
12637
04198
06680
01823
05469
03193
03536
01222
04357
13511
09456
09933
03141
12036
07743
01147
07225
10835
00077
01551
04588
05922
08656
12861
04949
07967
13750
06135
11975
06327
09477
09702
06019
14277
02032
11091
05690
11990
08144
12301
15051
05327
06577
02436
08238
14555
00070
14053
06039
06694
09671
13180
03455
06945
08552
08182
01224
01461
01299
13814
04165
00893
07009
05635
01089
09099
14327
02789
01208
09910
08083
04855
14998
04334
14790
13118
00682
03948
00547
00363
05038
13748
04770
02395
15517
06218
13429
04002
12323
14113
12324
12064
01114
05269
02049
10505
08919
02831
10937
11070
14188
11090
04999
06021
04359
14058
06991
04779
01799
05649
04508
09980
14511
05953
11516
04461
00474
07014
12884
15015
06985
01952
00369
06452
05949
11968
06002
05724
10463
08401
02128
00559
08027
00896
13887
01352
08069
01735
05863
13332
04923
12675
12871
10078
12100
03187
04931
01356
12631
06583
13075
11320
02985
07835
11312
15126
11031
11527
05396
09575
08364
14497
01975
02287
05606
11544
15163
13175
11705
11984
07716
07205
03985
13606
08706
12344
08629
09673
08858
09574
01940
01573
10508
15297
03778
01733
13300
08861
14766
09315
11075
05136
15323
12127
11851
06856
04221
04154
10466
08809
07417
04134
00582
02276
09547
04305
12463
11881
09410
00591
10815
01484
06443
13191
02586
10525
10912
00407
05584
12274
06138
04437
08247
08558
14209
04792
06731
07646
10761
02845
13622
02302
13728
00393
15555
08953
15520
10031
05698
15001
06794
05663
02182
03956
02052
00056
12549
09757
07346
08525
06335
06258
09877
01803
15437
12875
15531
10238
09468
12752
06814
14312
13809
12423
04565
01287
13218
01064
12923
10002
15568
10011
00406
00857
08605
11260
05272
05961
06475
01719
11002
15393
13691
06054
11768
13378
01671
12184
07494
11391
11837
05542
04160
12786
14573
08818
09520
03254
12865
00997
03524
07789
11173
12092
14833
00048
08370
05672
04049
07343
05142
12959
05302
04935
03137
15349
02488
04522
09264
13543
14098
00969
02547
00297
09535
11515
00903
14725
13913
09858
00659
02828
11448
09357
01431
04844
10107
10218
05512
10866
05810
02923
09651
04804
06319
12894
03088
06143
05641
00774
11181
03062
02101
12338
01785
07160
00752
04701
11600
09158
03597
14733
00036
00705
07167
00736
01070
10710
00091
13311
00609
04152
14217
13703
01924
11689
00965
09678
09458
05363
07193
11539
03321
15399
12105
08497
07652
00038
14044
06495
07505
06157
02437
06854
03269
04757
10292
13859
02474
05012
01090
05417
09289
13942
08751
14783
14461
07210
02826
11059
05730
05429
11521
01347
07230
13274
00122
04187
07872
12277
06862
01601
09928
07935
14682
15277
08200
07389
14163
00332
01898
05669
09986
09831
03650
01078
14231
05005
08214
11956
11995
12587
10186
00285
08350
01289
12654
08394
05408
14468
11870
02548
07466
09087
03752
02167
05214
10731
06833
14874
04270
01468
08564
03800
09819
00995
09718
02398
03923
06241
14843
09957
14884
07247
02715
00868
13185
06131
15061
11048
02262
06626
10299
04219
09606
13278
11459
01424
13276
10134
09453
14607
07641
14025
14364
10245
06537
03159
00630
10371
07839
15153
07762
01905
02779
01582
12812
01065
11039
02389
11263
06734
13420
14621
11532
08483
01122
10497
00498
13534
02678
01882
11613
02762
11859
09428
02953
04945
00539
15515
13994
11331
04287
04210
05790
11348
09140
08600
01639
04288
08122
03392
13835
00345
04480
08999
04391
14684
00618
08088
03107
02603
02522
06251
04741
04172
08176
09515
08405
08815
12773
13060
11807
06797
12782
00331
07407
07235
10648
04787
08050
00717
09502
07022
12777
07330
05305
00571
13082
01669
14639
00383
12399
07690
15037
02396
09967
12999
05415
04175
06967
00481
06599
13280
01557
04181
00814
13686
03013
15009
14392
11302
00248
07936
04738
11546
07841
08767
10135
10942
03427
05486
14099
04771
08854
08260
00293
01017
05121
00462
14247
04018
08300
15490
12322
03855
09259
05315
06353
13731
06393
11632
04728
13950
14550
07121
09730
12403
10631
06648
06875
06028
13882
05202
07708
10663
05474
02749
09294
01191
00724
11101
03275
00262
14541
13226
07531
06202
03671
01641
06588
12435
07251
05295
12052
15114
09051
01843
07023
13156
11674
08832
00058
04041
10054
00021
07119
13984
12898
01330
03073
00321
03314
07549
07705
08213
11607
15299
08982
00817
03196
12364
05796
09042
12010
09578
06086
06349
04303
12020
08744
05652
01229
05178
01040
06239
04946
01181
06324
01796
09883
01055
08872
04531
09585
03733
00815
13478
00490
08202
12484
13670
15562
06898
02891
03790
09317
04613
12037
02190
09304
12928
11197
04610
05708
06401
00848
08233
09230
01801
06816
00657
02308
11332
00971
05274
06505
02800
15511
04661
01544
01518
03126
00102
04094
02874
13681
04472
09382
14110
08583
05398
09443
08979
07399
01403
14442
06974
14595
03617
05705
12375
03356
12963
07088
15049
00588
07400
12469
11344
14794
03235
15406
01540
01024
14934
10738
07188
13257
01627
11042
09854
03779
12625
05872
08249
12941
12832
00890
08848
01615
03883
05109
04010
10946
08743
07219
02513
00891
07598
08672
13541
03074
10589
08499
01353
01749
09644
15090
02025
09593
13546
11766
01839
12747
11495
15538
15486
01383
01251
00638
02227
15130
10552
09701
05391
09493
14362
04289
07214
07673
01632
02399
08084
07051
09931
03279
00962
04814
12013
14503
00418
05052
07099
08909
00374
09758
05496
03102
03521
05079
04826
14600
05132
14112
13679
07811
07441
02039
08844
07656
13872
01028
01042
07723
09743
03602
01715
15187
12546
07269
06933
04033
09525
01385
03591
03943
13625
13628
04263
12538
03861
05087
05390
08381
12140
01561
13177
06153
01426
01466
05752
10252
02632
11493
01045
11523
01015
14239
15189
14898
12065
08913
12834
01790
02273
14923
05850
03500
02833
09413
13786
14108
13224
07597
04481
03377
13250
06923
12802
12246
10253
09084
14811
03717
03945
08898
12318
10908
09762
00443
09215
06899
10021
00168
09966
02088
09487
02647
08649
02673
01003
07898
13886
01754
02663
08961
13110
05328
09602
05596
13502
01964
00791
04486
06668
15348
10472
11966
12594
15326
04355
07856
06350
07662
02051
12785
09483
02103
11001
09373
12748
03925
00691
12714
14404
07462
03953
00166
02896
12721
12059
13151
14777
09584
13269
13236
00436
04273
08524
10015
09221
14262
05638
12765
09429
05861
01052
08355
06116
07571
09608
10553
03046
14956
03415
02277
13344
13629
13538
06111
10706
06541
09426
04428
15019
14241
05071
05127
02204
01746
13459
00554
05595
09364
13062
05873
05847
01481
02692
14645
11828
06906
15167
13178
14415
14936
13815
08730
01574
14615
06268
02063
10888
00226
02079
03739
02897
12607
10154
10084
08763
04416
14717
12576
02848
12237
00689
06724
06128
13906
09798
09188
09650
02075
00431
09972
09472
06342
09914
09174
10165
04940
15269
09479
10880
14101
06905
02558
13555
11223
05869
02485
03183
05911
06930
04163
01264
05903
02835
14904
04476
11251
09735
00854
03554
01979
14292
02951
09811
03999
12028
13379
06685
12864
01214
13848
08237
04111
05426
08609
05336
11938
04308
03423
10704
14618
00742
04141
02238
10692
06897
01195
04727
06390
05974
11554
10941
05506
13271
03878
02599
06670
01151
09375
10953
06811
10209
06426
01792
00503
07135
02570
10537
09032
06748
05155
08496
05360
14919
14810
15048
05180
00507
02135
04823
12008
10408
10894
14767
02766
01778
07554
15087
06636
14081
11698
00237
12051
11478
10286
09009
14979
15136
08911
14896
12241
15106
03348
06261
04227
03675
07410
01852
10108
01611
09037
03339
13302
12365
04180
01826
06011
14092
04123
07677
04700
10947
08117
12525
13275
06488
15068
01593
11132
09387
11328
00821
08291
09450
13990
14558
13816
11615
10722
13633
12305
03155
01096
07515
11171
02246
00447
03690
04325
05276
07476
10887
11420
05600
06842
12506
09772
02521
06548
02034
02304
07439
08758
11184
10987
07043
06640
07858
09797
11465
07840
06119
14966
02625
02752
08900
10027
11265
13043
05701
14602
10157
06042
12738
12998
03101
09732
08264
04864
07076
00991
15044
00904
09236
14598
06356
03110
08025
14428
12772
07255
13471
15459
10696
15539
10431
03836
01475
00451
01695
04881
15313
15085
04442
02510
00007
00617
10003
02635
05666
04429
07626
07603
11797
13864
00278
04879
11463
10630
10303
06073
00552
11842
09999
13215
01157
02978
11425
09481
08270
06358
08245
06147
14925
07585
10378
09846
04333
14842
02048
00596
11217
00312
09491
06047
01275
14079
03842
08002
15073
13439
05413
09930
02465
13053
07243
04961
04726
03497
04147
03919
06220
04055
10900
02809
07975
03098
01493
08034
10191
13120
06077
01618
13451
01938
13666
06917
12734
11668
01395
04818
02863
10821
11627
04529
03751
13808
13108
06858
14747
02076
06330
02310
10809
04194
01642
12231
08469
07111
12066
11113
03902
13563
07779
01093
12160
02892
01967
07379
08624
03227
03567
06478
13014
01339
06026
10814
14848
01876
08960
02409
11141
02442
12236
01969
01659
12509
01213
08149
06654
06549
10236
12002
12706
07336
07295
11506
03119
05626
15040
02217
14928
10468
05021
06222
04711
15295
04427
04958
14698
06412
05451
01499
00241
06719
09843
12244
05290
07639
06377
11112
07940
11924
13601
04312
02207
04896
08271
04749
08020
05757
09516
04488
11144
09175
14169
01604
00841
11826
02493
04063
01145
03243
01821
00015
03403
06005
12932
14035
07385
14206
02551
01310
09473
05190
04650
15397
04066
11390
04635
13985
09078
13520
02721
00126
14604
01911
12638
03100
12247
06113
15509
07095
02107
05090
09740
14845
08620
04024
05399
01467
04012
10748
02560
00206
05179
14480
09358
03140
04647
10957
03306
04579
09091
03944
01648
05133
08272
05163
03468
01111
13401
01534
08504
09842
10919
04587
14038
14991
08553
05713
15541
09697
10318
12234
14601
02798
13327
01517
14405
03413
07204
11407
12465
00245
04339
15093
14798
00882
06388
11599
02054
05659
15474
06924
14589
08065
09189
09959
05565
03375
09095
15550
01844
06501
07497
07484
10319
10276
06215
10656
03231
10958
03165
11872
08879
11543
10647
02113
07988
11971
07658
07843
14719
12030
13304
12145
02327
11547
09346
10667
06658
09461
07117
12031
09093
07198
03982
01021
14314
07683
12187
07961
12461
02363
06424
01739
00610
04316
04182
14303
04222
14130
14379
09874
06183
14669
05036
11137
09021
00603
15097
08129
13773
04505
04718
08266
12989
01032
08737
01857
10392
10030
04585
03743
09125
08419
04811
04234
13707
07794
12681
06486
00290
03874
05792
10674
01146
09340
13070
09380
12339
09033
06231
14708
05603
00512
13854
12005
08893
03145
14352
09538
09001
03479
14349
11019
15226
00585
15547
14715
10119
12512
13940
13141
00255
01141
01046
07970
01206
04085
06395
00758
13134
05839
04516
12667
09150
05195
00100
10939
13782
11486
07271
08824
07062
08554
08070
00185
11279
01807
05232
04751
14069
00448
00294
09681
05778
02793
14471
04265
11518
10347
07355
14878
15484
12050
07472
10755
01782
10104
06013
02584
07668
11066
07174
09353
06666
00076
14860
09159
04125
12709
07297
01314
03162
03349
14754
14283
04144
07288
12909
01591
10073
02949
10556
14716
12722
01232
14381
05270
12880
14445
10909
10996
00898
02278
13065
00759
06980
10379
09623
14029
10989
15379
02243
03071
00371
11739
02083
10306
10464
04275
00437
12043
15274
01721
05913
02497
08878
10491
11299
11832
03547
08380
13179
05045
11598
02058
01501
09595
06230
01745
13537
06288
08476
09119
11110
11939
13461
05311
02847
01497
09963
02566
02764
14630
13315
03286
03396
12099
10029
09126
13699
08617
13387
03691
09007
07903
11143
02683
07991
07467
12850
00411
05791
15412
03236
14751
13352
11867
06176
12408
13663
00193
12460
10101
14298
07067
10566
11451
13506
05483
09533
08422
12389
08915
01558
05185
04782
08161
06771
05281
13585
10510
00838
09869
14270
10837
02553
14569
05755
13783
01290
00602
05969
07381
13693
13321
04003
02502
08421
05306
07576
02537
11273
01368
03845
07031
14538
06396
12284
08255
13833
11783
11052
12438
13306
14634
04637
06248
00775
00438
14087
11736
11896
03201
10913
04053
06470
08846
01985
01893
01265
13399
01477
12648
09316
08774
04293
03672
12363
10184
07102
09414
15152
11107
12422
00433
04126
13354
07201
02333
14963
08032
09951
11690
12124
10242
06134
00250
10421
01851
01994
07878
10476
02743
14570
09015
06211
08224
00845
11594
09551
12571
02496
08942
06910
12280
06219
01724
07378
12252
12617
03228
13473
11596
13615
08984
11394
12447
11248
02750
00925
14251
13411
12041
09130
06160
12956
13037
00081
05377
11191
05139
15279
05061
08410
06372
11429
14158
01946
01487
05655
12474
02505
15331
09822
10691
03401
03371
02552
01256
10166
14380
12710
08324
00065
13414
05546
05371
00865
01363
11915
09863
04586
11750
00078
08829
08601
14982
14578
11579
08811
06672
13779
06893
10454
04798
13242
15451
07543
03270
04624
00628
07854
09258
02388
15577
00899
00183
06233
08252
08579
05194
05387
02157
15336
13467
15139
14317
02146
07944
06650
02778
00654
10736
04799
15146
11499
01462
06242
04311
15239
04602
10708
12851
04129
01569
06927
08148
14386
02152
08349
13837
12723
05736
01776
08432
04672
10571
07594
10853
09339
10702
12604
08585
07382
08261
11694
12635
00415
13341
14255
15150
09485
11958
02218
04475
04878
06805
13122
10207
14514
00912
12811
04349
14799
08457
02859
10653
07126
14827
01483
15560
11194
00242
13038
05497
14413
13553
00537
12602
02499
14494
07604
12716
11885
02236
06284
14993
14419
11657
15500
04777
09115
12547
06477
08509
08426
11431
02341
12896
13918
10777
14470
00632
15176
05617
07369
01059
07202
13708
11891
14955
04549
05634
00325
01769
03738
14540
01323
04276
05412
02320
07608
08279
13256
01490
01170
04993
09209
03064
13710
05162
14862
10707
03436
09435
04499
08523
14977
09470
04489
13049
08754
09841
02639
13798
15186
15324
08429
15004
11929
12863
05984
08298
08607
10359
14063
08361
14222
12074
10948
12623
06014
13001
09613
07654
10128
01813
14265
12877
07855
12656
04690
15241
06076
05721
05852
06163
04744
06635
02561
04466
08164
08735
12662
05980
02245
07274
09163
03931
07089
07929
10301
15534
12931
09816
13684
01509
01183
12310
12628
00661
13725
10970
04261
00847
05030
02910
03577
03149
10858
05892
07522
03281
11964
07266
10544
03549
05208
13852
01542
10146
03908
00671
09862
03378
01130
02726
13281
15386
12798
14363
00909
14409
07383
11597
00764
13549
15463
13050
03884
08283
00739
12903
04256
12199
15169
09501
13739
00460
13453
13103
10338
07984
02695
09824
04148
05181
05264
06034
03584
03483
08045
02202
01991
15306
10272
06068
09646
09292
09398
02816
14339
03759
09285
09752
13702
15594
01276
11145
05610
13013
02154
08851
04469
14276
05243
10041
14761
00623
10869
06889
02627
00372
03793
02084
12353
15270
13917
07544
13594
07817
07436
07879
03298
03678
14635
13064
10968
12012
03113
13637
03226
14975
03821
13030
12294
14964
13199
05576
09378
01521
05257
02198
08382
13107
08783
14575
13540
12018
14910
04632
04825
10271
02428
04459
01526
00274
08184
06182
03127
08704
00935
08092
09242
14331
10818
01054
00557
03221
09981
04102
01441
05593
01727
01382
06582
03209
01143
14714
00835
02808
12342
10385
00735
00944
02747
02753
07008
01092
04570
04128
01038
04091
03265
13485
07623
05314
05999
02578
11083
11183
07844
11801
04890
14046
14417
02158
11105
11413
00872
06083
03560
02676
06984
03370
11904
11057
02911
01830
05068
10061
07914
10065
03880
11408
05128
02885
04857
06185
15493
02347
07511
10593
09631
01879
10205
02922
02943
10053
01241
02997
00816
01806
06498
10170
10772
07714
12733
02806
01919
03002
09823
07679
14980
11740
03194
15257
11902
10457
02161
08211
04962
10197
08368
11258
08543
05466
10859
01300
14189
03736
03679
01243
09365
04112
08037
07985
10803
13081
15410
14616
11560
10892
05653
03342
13793
05013
10792
04512
04520
12285
05860
15439
02846
15141
13651
14397
13375
00388
05897
09277
00881
04518
04899
02194
06025
14651
15135
03571
11981
06533
04712
02410
11641
14835
13991
03686
03520
12930
14666
04663
07483
02728
03111
13100
11314
06194
10721
02648
11687
00398
08864
12421
07040
14638
12202
12795
12822
11983
02175
03379
00548
15223
12281
05637
04997
07747
10270
00410
00751
13899
04403
09562
13617
12957
11054
11189
07345
00142
06818
05989
05196
02744
15307
01267
11375
04137
13968
07785
02267
11010
01049
00326
01421
04837
13227
01436
13203
04183
10258
15496
08786
02330
11402
11528
04297
07943
03894
04951
11852
01131
06403
05673
04636
09592
14808
14785
00725
00514
00408
05319
08903
06639
01884
01578
01377
04236
03976
06430
10324
00589
00528
08248
10063
04298
10438
14039
10206
03092
11474
02053
11906
08017
04007
05920
06225
14948
04820
02772
11774
12233
02325
09714
04268
11376
03850
01086
02655
01728
00018
09709
08398
05677
03296
12067
11222
04447
02299
13844
10841
15330
08791
04487
08209
09835
11589
09871
14711
06878
07131
10683
09888
06337
03777
04649
09097
08472
01176
11397
07691
03562
04008
04371
02549
10854
09262
14208
05182
08677
03181
11404
15479
09753
06058
03737
05394
12994
10615
12429
05938
05678
04226
09352
11058
02853
07208
05893
02694
01262
11167
07974
01956
12207
00093
10330
03816
08577
11507
01995
05504
11014
02883
02129
14205
04846
06235
13516
05323
12845
03865
15503
10365
04859
07220
11776
00604
07605
01965
01949
11245
00381
09716
09430
06186
04395
10628
02376
08895
12117
01954
11433
15472
10573
14088
15219
04019
13508
06623
09744
00606
06502
06500
00756
08179
15154
11576
03432
03705
08904
12889
08105
12345
10868
03615
06687
10654
02352
02948
05516
07947
07148
14080
15320
14556
03682
07481
13668
03471
09355
12950
09601
13856
09424
10750
04205
15471
00924
02359
05145
01099
11658
03685
10881
08079
08287
12032
01158
14879
02483
13390
10636
11050
05521
04875
09558
00897
09879
03199
05217
00412
11030
01164
12799
09146
05828
07460
11772
12584
04894
14587
15487
00977
13351
03087
10006
04710
04314
05573
11529
12827
11973
10914
05292
00690
06173
06587
00376
03207
11235
12763
02265
02394
03441
15483
04021
07508
05656
14729
03988
07157
08778
13277
07433
08761
04703
10561
07859
12803
06753
01455
14458
11156
06447
04097
05055
07265
14333
04819
06641
06749
00409
15228
09016
06920
10991
11751
05618
08998
10670
00304
10409
01001
10148
09359
10600
06752
09747
00246
02626
03619
01804
00551
09544
04583
00320
07177
14619
09640
01894
10455
00178
05709
00003
02492
01837
04214
05720
02471
00403
15080
03050
13933
08749
05150
10555
05009
02716
08572
03797
13853
13757
03935
02424
08810
13418
02975
01634
08127
06294
12690
06890
06190
07301
12974
02292
14917
03121
06584
11178
08063
04705
01376
15387
00231
09855
03346
08110
03452
11063
14547
04321
08390
04229
14498
05841
13068
10930
09756
04968
09532
08385
14788
10402
14679
03070
09403
12278
15012
02935
02441
14903
04386
12724
11892
05533
11185
08697
01899
10812
13005
07886
09988
14972
08860
09325
05191
02797
03801
08551
14492
07693
11581
13842
00504
09190
06903
11000
02371
02176
04067
09103
11104
12188
08789
07780
06247
13245
06405
13021
14137
00158
04060
06063
01563
05042
13979
04796
02604
10801
13567
06625
03628
05529
07327
14376
08474
00109
04408
09354
15069
06622
14683
08686
08922
11038
06009
02652
01432
15433
02183
06035
06030
02991
12257
07456
14855
08082
00223
12817
02958
05848
06895
02224
11347
01766
11517
08399
06064
13345
07137
13117
00276
09528
09694
04332
11290
11130
00013
06908
09519
12019
11333
03523
02852
02462
09847
14875
06105
07503
14346
05433
07994
05587
06853
07178
13396
07506
02141
11094
08404
03357
11815
12056
15578
02188
05494
01495
11380
00871
14107
03238
11823
09898
09603
06627
04215
05449
10462
07097
01288
03798
06400
02773
12166
06442
04294
05096
11198
04552
09722
01923
12249
02230
03027
11321
00335
00950
02171
05509
00601
09852
02759
08191
02291
06733
10123
07904
03649
12029
07973
11830
14355
06114
14370
15390
12116
06624
05716
04131
05213
01167
09805
03311
00400
04861
08413
06041
14559
01928
08759
04351
12021
00846
11174
13987
03091
01142
08944
14313
02990
02767
03066
00849
07981
15318
14844
05727
12045
07670
15343
08813
12700
12470
08611
03176
05568
13975
09800
08433
09077
10326
15308
05702
15124
05771
04136
12912
14740
06725
07766
11661
15464
04100
09179
04450
03384
04666
02585
05804
07853
07203
01742
03175
10103
09177
13371
06333
10826
02915
02810
10760
01375
04871
01644
09437
06779
09372
12115
02995
13587
15378
04596
14662
11860
09531
01133
03389
04084
14062
01602
12376
00622
10433
05780
08993
05173
05740
05868
05900
14668
00031
07550
01878
14582
13805
07143
07533
06489
04323
02283
08996
04251
13289
06422
10241
08158
03048
14464
13499
05210
05095
13348
11416
15006
11060
01171
07736
00086
00040
11614
01277
06916
15020
11675
06826
05545
11784
05138
07704
10112
02319
06717
00658
03867
07461
05359
04555
00399
01178
03661
05077
03492
06801
00855
14840
11595
12475
00799
01254
10116
04228
05553
07738
02868
15543
08212
02159
07342
11888
03756
07409
12418
13139
07572
01998
03527
03568
02600
04439
02972
11396
15256
06129
01846
04760
04238
07450
08284
14681
13997
08015
00710
13627
10133
04643
06410
10788
03490
05157
08731
09422
10100
13101
05254
12908
00187
08928
03084
12049
05552
04577
13412
08646
02519
05694
03696
05766
00955
08518
15411
03599
06004
09321
10225
00271
04307
09311
11430
10874
14730
13355
14266
00357
08159
09149
14921
04387
07911
01819
08493
15166
10906
12839
10479
04938
04574
09172
01387
11630
01571
01303
00934
09496
13652
13662
06461
14321
05156
08003
02216
03824
14911
05686
00146
03505
07306
05981
12810
04943
11409
12374
07534
03039
12359
10285
02711
10407
09401
12228
10971
06411
05301
00458
00553
14592
06909
00797
03166
10541
14007
03870
07006
09979
04158
12197
11249
03556
10834
05446
10538
05251
10747
13455
09705
15254
02687
04324
00061
09112
10926
14200
02393
10050
08143
01212
13022
04327
07489
01709
08454
11093
09872
14877
10712
12541
04963
07029
11741
01393
00487
12354
07283
00984
03525
10565
07093
08321
15028
06223
02374
12543
08005
12158
08195
13631
08875
09563
02086
06313
05571
04407
09050
04467
11485
13148
01346
06785
00456
14368
08506
11755
09192
00174
02136
03653
04477
07986
08597
10171
10819
12290
03363
05972
07169
01623
07921
02801
04981
14273
00506
00434
02106
12581
15022
11015
11980
05728
15193
07568
08388
01751
07310
11844
13778
15400
11154
10115
08648
11937
12753
13254
13394
09766
13717
13028
06955
14610
00676
04601
13596
00270
03425
02730
03849
05942
02006
13347
14590
09141
07884
05956
14274
15385
14779
07771
06964
10441
03762
07836
07340
10886
12659
05723
14451
09784
14710
01227
01051
08478
07746
04368
07262
12800
13742
15288
10633
12808
04983
01583
05212
00051
06380
10437
00642
08118
08001
01789
06084
15118
13849
12174
14275
14687
04071
12586
04847
01870
01988
03986
03966
06197
03648
12937
12219
09160
02091
15508
04873
09062
00634
08881
08443
11631
01359
14496
07759
01391
14232
05631
09637
09132
11489
10287
03601
11253
01134
00938
14193
08745
04168
08274
09875
07438
13145
03417
14902
12611
08726
11552
05206
02323
13900
05186
15468
01184
02642
15584
09013
09997
12498
11196
15501
13193
11794
11064
04630
05577
09712
14284
14603
09290
14519
10767
01194
06473
07138
00538
15309
14002
00581
08644
12198
04590
12003
12395
07431
10485
06306
14204
12126
05349
12736
09689
00491
04392
06638
10570
14009
05501
08740
01808
05696
06385
02247
01414
01066
15544
10569
12136
07100
01274
05756
00713
02827
02838
05795
11325
08335
13771
06285
00807
03677
08142
11419
06616
02108
12351
00929
15165
07127
05402
14213
08075
03828
10885
06690
10289
02610
08981
09591
08108
05632
03723
01708
08802
10999
00587
09755
07010
06859
00704
10004
07987
01567
07142
04410
01285
05289
05249
03522
00401
02109
01550
13374
05388
06367
00923
06217
02834
12981
04717
00157
00368
12537
06493
08235
00256
06270
12568
10345
12058
06151
07729
10519
06882
04788
10625
09038
02528
09447
05148
11268
09672
02180
06701
02268
02795
15512
01117
02139
11548
07870
14665
05945
14050
10982
00770
09049
11138
09954
12392
13612
03557
10444
00449
09508
10644
13519
07822
08188
05699
10916
10014
00631
04366
03422
00496
15258
01660
13144
04081
07954
08319
11998
11791
13298
03494
03009
05171
03132
07073
06527
14059
14627
03358
06630
06629
14829
05337
05875
05883
09590
14104
05811
04419
08670
02803
13542
01415
14837
05992
01253
06837
12696
08064
08113
13019
01744
08716
00313
11237
01245
05817
00108
15151
11812
04443
05135
14147
11770
07196
07449
04684
09377
10005
03620
09537
08207
09873
13361
12226
06746
01909
12039
15229
06562
05240
15381
05111
05046
12129
02305
02067
03535
09794
12766
08866
05126
02337
09583
09494
04743
14304
05457
12288
03263
03996
06272
13208
04734
11027
12011
13206
15173
06591
04290
14287
03189
00173
07294
10013
09632
13698
15316
08240
01961
02329
15570
13267
03854
07593
09946
09129
06503
04736
00167
15172
01220
04463
15497
14190
01240
08843
14631
09486
00337
12054
08877
07354
08544
07194
01156
12893
05140
14134
02300
06106
07721
00387
04361
05118
02331
01479
10966
15476
10701
02818
00319
13155
00338
04135
06809
04313
10400
07862
06347
03903
00541
07881
00858
13293
05016
11318
10234
06865
11085
02554
14701
08592
07352
12563
15280
03830
08395
10655
07804
07276
10182
03708
06536
03574
04698
03449
06952
02332
07790
02401
06368
10638
08974
13033
07376
00669
13608
03654
09708
03258
09523
14446
04713
05726
04204
01480
05200
11286
10393
00292
01297
12007
01663
08645
06721
15245
05427
13562
01818
03693
02714
03906
08128
10714
06494
13924
03730
02791
09658
02498
08151
02524
13547
02231
01666
13097
06977
12444
12560
11369
01890
00763
08342
02616
02946
12643
05654
02173
13288
09828
12599
00215
10514
04695
00224
10064
08326
01590
07791
13604
07536
04478
07412
14186
12687
00499
02890
08269
13273
05564
03548
05500
13086
11364
08626
04542
10093
00566
08336
11153
00521
08782
00391
15516
04365
14114
11725
02050
13162
08610
09287
12820
04758
05383
07628
11653
09342
02815
07653
00673
11723
01311
04414
06557
12616
10807
01613
07447
04418
00485
03250
14859
04267
14348
08042
04075
04247
02349
01580
12915
05456
04101
04655
11683
13504
13759
13910
08748
02614
13246
09779
15083
15129
06732
15179
03569
02656
05481
07687
04660
13435
09086
12183
08541
06448
06913
02950
04292
13695
11458
13282
07256
08816
09791
08288
09446
02564
14803
05555
12155
06559
06777
14203
03632
13720
06832
03643
07650
03810
00395
13419
01891
03667
05941
11574
04350
08066
13255
01053
13894
08739
11446
10175
14637
05623
01155
03224
10176
05367
07712
06857
01226
04184
04801
05104
15322
02140
08773
14968
11898
12952
05407
00933
09133
06040
09976
03757
03993
07165
13671
05164
05366
07923
13404
02574
14954
02495
01238
00611
14571
05939
13769
04746
02669
07430
09212
10312
01554
06056
04394
04304
07909
01858
15066
04715
08618
06366
02965
08062
09072
00615
11201
03795
04790
09167
13472
01711
14786
02257
07264
09260
14792
06697
01661
13566
09550
04435
03394
09469
04720
00877
07644
08256
11955
12090
07648
01473
05008
14162
02994
02450
12948
02660
11047
09887
00111
05062
15142
11566
03109
13261
03459
15303
13898
14176
13722
14143
15321
01820
02945
08416
00994
00230
00476
11028
00046
09251
07419
08797
09920
03588
11435
08755
07525
11468
05994
03361
06590
08353
08250
11996
06112
13931
07617
12023
12428
10281
08447
00430
06397
14606
08850
02530
14809
13405
13764
08450
14026
06820
12433
13095
13032
06276
06145
10528
10120
12852
04524
04510
05088
10844
10759
13335
07803
10325
11901
05465
12567
06617
15194
06398
00254
02406
06646
02866
01312
08691
08659
15070
01025
14335
15450
15545
13590
12084
11255
10168
00832
07595
03278
10798
00726
10315
03006
14568
15528
04059
00432
05890
12771
15067
10652
14336
00310
04246
03169
09597
00457
10221
00211
02000
03812
10585
14245
11076
02042
10067
01643
01665
11625
01328
15201
02423
06159
02517
14705
00217
12853
00906
03359
05393
03439
14135
05550
09949
14042
13318
08171
07751
02540
04000
06423
13581
05793
12552
09804
01951
04985
04810
14686
00573
07371
07818
03292
09151
11296
13772
04196
01180
08663
12312
09759
08049
01730
11948
14076
04769
03997
10259
05034
02219
12580
02010
12951
01007
05963
00087
08140
14128
02029
03508
06764
01855
05370
04729
12712
01444
07173
13857
02003
04572
11008
07529
00624
06788
06158
05746
12481
07548
15149
14945
05993
09539
12843
04017
13820
04978
10586
08557
08828
09556
02476
12677
04495
00384
14154
11214
07579
10099
02546
00291
11022
12836
10622
14830
06571
08157
02533
00062
04038
05929
03059
01824
13470
11601
13238
07418
06884
01761
14720
07215
12646
09484
14525
10827
01329
06973
03630
14020
04254
07614
10790
11051
09436
00392
03178
08035
08812
01617
01366
03280
12970
08673
05687
04431
08052
04862
13653
01237
02162
00307
09439
13011
13317
14195
06574
11313
13018
02689
15440
00134
05209
06827
14332
00023
12935
00064
02494
03069
14008
11488
10486
11831
11588
00477
10917
14807
14523
14994
00020
02071
11850
12378
12499
15461
14577
10843
01679
05784
13220
06596
01720
03727
04271
14789
01622
05428
12405
12572
10596
07765
07056
14674
14441
15394
10079
04683
04599
12210
06751
02491
05772
12220
01939
11356
13962
09034
13678
05511
03052
00645
12794
13305
13408
04493
09935
15178
12479
00066
01041
09943
07090
08384
03326
09275
15443
08366
14591
02255
10763
05891
07329
06787
01616
14120
14488
07344
14776
11377
00125
13876
08884
01118
01653
13685
02758
12862
11098
01874
03876
08323
14970
06961
06673
14365
06260
11475
09157
07360
10233
02741
15404
00080
00464
11526
14122
11095
04874
00555
00112
08243
04831
01795
02271
15563
13718
07278
00825
01298
01378
10219
06560
01399
00979
01586
10381
00298
13986
06249
09438
06586
07139
01922
05633
10877
09723
02434
05616
00850
11363
04824
11583
15533
06868
06581
04929
00143
08495
10735
09948
07899
14969
04255
12426
00132
04348
13724
03542
02881
07396
00556
13777
15079
11262
14302
11287
00192
09100
11074
07720
04404
08679
06139
00105
03891
11423
03926
04851
05836
09040
14648
02501
11610
02781
07170
05776
13310
15448
04274
07128
11590
08487
10739
08473
14565
15454
07528
04616
10495
09685
15599
06880
02018
05586
12522
02098
06149
07823
10204
12452
07586
04239
12212
03249
08927
15263
02878
01471
08392
10840
12907
05354
02477
03036
12921
00470
03921
06993
14072
07621
02411
10746
09035
00919
05870
11824
14308
14443
10342
11963
05741
06606
00084
10813
02104
05416
01862
01506
14269
06649
05334
04014
10533
01841
05397
06804
12454
05014
01624
00685
01342
04885
00577
10954
07570
13501
08794
06142
03200
05904
03214
07047
10493
05692
00389
11366
03990
03143
07124
05480
09433
05312
00672
13770
02979
13650
07546
04266
06275
15207
11729
08945
09809
04957
14745
12088
02275
13084
05437
12349
07384
07828
07612
05735
03251
02849
14373
06107
14533
06415
13441
02038
11449
02297
06948
13619
10765
01662
04113
05116
05948
01918
04389
13490
05493
14557
09727
10387
00334
00006
10066
12657
13160
08258
11024
11866
14537
09952
11439
01418
09482
11558
04028
14410
12846
03933
07748
12143
07509
00442
02288
04732
02696
13336
11764
06994
14318
05808
13626
05901
10415
00836
01394
05601
13977
12414
06835
07661
12343
12775
05978
00486
01278
02361
10376
12397
06676
06322
06542
00352
03086
09699
10752
10754
06607
13602
00734
14995
09674
09308
06187
15504
13879
05853
09710
10870
10052
10019
03901
04737
04242
14692
11388
11129
01132
12022
05404
05184
05006
03668
09926
03502
02516
02163
00251
07348
14328
07826
06550
09818
00778
15121
05670
03482
04353
01161
09521
08595
02301
11301
15113
07556
02490
02036
02968
11443
09399
10518
14091
04291
08635
12740
10185
04667
08701
01030
01628
07692
11877
09889
04523
05524
02794
09474
05025
15421
03994
10288
00876
06513
14198
04064
00380
02679
06516
02172
11753
13171
04976
02712
11236
14399
00805
09514
02185
11044
11120
14214
00123
08969
09825
14821
12434
10434
02461
10601
02281
10307
13610
13493
01737
01271
11387
04676
10284
08153
00812
07150
01913
05753
05239
00607
12954
03304
13528
03007
04686
04185
03327
13682
05910
06925
03882
09138
08391
09620
00695
10295
06066
01692
09934
13207
05085
00010
14916
09248
00911
14440
12767
00879
05561
13484
14989
00207
09046
08331
03154
05097
13551
01219
04052
13410
02421
11224
07551
08196
13183
01110
00718
06465
14152
01596
09257
08016
11909
13598
02235
00931
05639
06295
07685
02479
10077
13869
13279
01935
01612
12138
12517
11309
02591
06418
08208
08141
09249
02096
11165
07916
07602
04105
08801
08004
00646
03833
14230
12890
09903
00484
01185
13223
02598
04455
15289
03017
05222
11682
06416
11702
10535
12878
02543
14774
00057
14089
10878
05579
11620
12661
04709
06708
02184
08047
01984
01474
09098
00440
10520
11643
11677
05745
12823
05248
06795
01552
04197
09728
04127
03426
02855
07185
11270
09560
13568
10764
11121
08642
03283
01886
06015
01304
06940
10650
12929
06409
07883
13605
15286
00953
13803
11691
07421
13202
14111
05936
06914
04065
12269
14408
09107
13077
15013
13597
07341
02090
03410
01817
12691
12887
14499
12727
08486
07734
03461
11297
08169
11886
13712
11792
06365
03134
00517
02196
05682
03951
04401
13422
06098
00296
01259
08732
02066
05365
12437
09517
11062
10975
02403
09347
14962
02518
10889
02358
08488
09234
07950
04417
09268
02295
07259
07837
07889
05279
14267
00130
15215
12743
05032
05540
12633
13163
02982
03818
08356
06802
12640
05809
10313
00257
01022
04384
11767
11952
14174
13747
02416
02064
05119
09607
11635
03065
01434
13527
00784
00287
11695
05268
04109
09932
06236
12263
09857
12134
04707
08528
03823
14191
09017
04490
06305
02404
10923
05827
05107
04492
07805
07741
06264
02121
01629
01105
06637
00017
08411
04318
02426
00662
15255
00714
08093
15339
12749
08441
11450
05525
02206
01658
10806
01815
00050
10831
00089
00956
00234
13393
12678
09543
09044
13660
02776
10282
02415
14316
11894
08897
15581
12162
15296
10559
00176
06226
09400
06214
05141
05612
15325
15174
14741
13181
08741
05916
04156
09226
11997
06457
12562
10678
12596
15283
08526
07902
09711
00795
10863
09023
09654
12401
05082
04807
03518
15188
05172
01469
12693
00450
06523
01570
00839
14636
13299
00179
12356
05324
07154
14073
04114
12595
08964
03104
05679
01205
04252
07829
08713
07946
03504
06481
14301
15168
14264
11743
08251
10666
11524
04191
07730
13169
02293
05075
00317
00988
03261
10283
04714
14345
09912
13012
09666
04390
13847
09505
02814
07838
05443
04625
03032
13406
14036
12982
01755
04082
11303
08747
07087
13189
12807
13078
14139
06730
06762
05278
02092
00771
00702
11578
01902
12622
14126
03847
13669
04342
07724
12881
05966
10744
07302
03012
02168
12674
11212
15116
06965
06164
08874
15546
11216
11164
05695
14593
12189
11295
15455
05153
12296
11928
05754
09973
07618
03768
13395
11802
11023
12788
07978
02233
02078
13437
08406
06869
03669
03453
03763
08021
08285
12649
02771
07851
06315
07919
03285
12608
00210
08193
10389
01218
07435
10397
12590
07123
08785
13677
11480
06006
07558
02089
12201
12632
03975
07485
05358
07291
08976
04341
05896
11934
02043
09895
04652
01828
02646
03056
05722
04465
07989
14536
11172
12612
08501
11621
04013
00829
10770
06949
10865
09029
05419
05024
08966
07326
14685
04989
11586
12388
06894
02382
08278
14353
06094
12208
15315
10042
09018
03918
06657
11311
01587
15453
12439
07663
03106
01189
11509
08753
03331
10632
14123
07784
13417
10001
10375
11634
01258
07252
11947
09350
05734
10511
06433
08102
03913
15236
04396
09214
12033
07300
07694
08172
03246
08685
06783
13425
06718
13243
01445
10599
10785
14594
14263
00926
02367
05464
02017
13284
05703
11806
08236
09994
13125
07212
12086
14105
07377
05789
07082
15047
02869
06344
03741
04748
11989
02298
12814
08165
04299
08130
08119
07474
00379
08076
03049
11384
07004
14049
05608
14361
08360
11221
08311
04793
02269
12047
05262
11949
11445
03897
13497
12961
08621
05513
10776
14018
03929
11218
11358
03946
02145
06821
12410
12450
05059
15199
03872
09706
11825
02072
02452
04987
07464
09886
15234
07842
05957
12955
01327
06926
13530
09713
10730
12334
01144
14931
12627
02334
08362
07877
06137
01787
12698
04317
01488
06901
05002
02768
07171
02824
10214
14624
11497
12745
02087
04383
03045
06773
02127
06109
09123
04103
07168
12223
03222
01027
04735
14871
09734
00947
01717
02545
11315
08539
11071
02643
04551
01731
09769
07774
11269
02094
00793
04834
02538
11987
08138
02440
09870
10096
09039
01215
02179
07311
09964
04157
14003
09114
02840
02699
06207
09790
13058
09008
15408
13544
07211
15204
05203
02534
09185
02225
13460
00888
07457
10711
03570
14791
10192
00156
04941
14426
02318
06850
05924
03859
07891
12997
12415
07992
02782
05583
00875
12153
04833
03844
04628
00864
04300
11182
04836
08606
08253
11834
06127
01758
05732
11089
15205
04605
08548
07674
07387
13996
01135
04762
08222
08698
09284
03971
06824
02763
10924
14609
14150
05146
03655
01476
13867
02622
11276
10070
03192
10410
00386
01202
08061
14736
12797
12497
07110
05812
05149
04223
11432
09490
09181
07253
13128
00869
09726
04936
11139
00827
07913
04374
00172
04115
02746
07783
00342
05665
06471
05099
11392
03156
11670
08091
02209
07666
05123
11462
14579
00626
03262
13286
13672
04853
11267
15043
04025
15052
06167
08788
10126
07760
10905
00239
14403
15495
08334
12385
12551
11912
07136
08630
01453
00419
13398
10641
14731
14155
06444
05526
13687
13738
12776
00129
06750
14626
06610
10684
09688
09655
14758
04956
08086
13645
10022
15344
02270
06971
10592
06296
02719
08715
09853
07482
08822
02966
03947
04821
13231
14473
00370
13213
06440
09176
02115
09611
14986
02344
00469
15217
00945
15438
07519
02638
14366
12905
14663
07018
15244
12508
12946
12906
13386
11011
01833
08775
04783
00041
06508
04047
10308
06715
13595
13194
10855
01794
14942
07425
01159
11762
05923
01700
04078
12967
00762
01564
13897
05815
00928
03565
02536
03804
04535
00446
09229
08131
02688
05425
04106
05105
05238
13090
09669
14846
04471
00656
01370
00649
04032
14424
05609
14490
10448
08643
05057
12574
14161
12971
09913
04569
03635
07028
14694
00608
07849
01460
14712
03337
02099
13483
00366
14873
07332
14613
05930
06200
01527
05035
09576
00115
06181
04919
15265
07349
05785
04895
03892
07053
00887
13204
06049
14253
11550
11393
03984
01428
03054
02375
03506
04454
09642
12103
12270
03576
12104
03656
14670
10527
10758
10779
00792
15506
11283
09891
00075
02425
03160
05114
03879
00117
10762
13714
01664
07502
05592
10956
12550
10348
11492
07831
10471
04954
10199
11856
12504
13403
02020
12293
11349
00227
01725
02587
08894
14211
06822
13921
15368
04087
01683
09991
01358
13697
13618
05970
03920
12530
04373
04061
10950
02641
04086
05282
07545
14988
13607
05685
06460
13099
04908
03353
00765
04970
15008
06428
13889
09905
05556
01849
09332
12854
09128
03871
13963
06739
04381
06363
03404
09781
12346
02311
01331
13312
07034
00760
11914
01400
07092
00946
12671
02386
12521
12152
14753
00731
15058
14502
12855
01341
11879
05889
06177
06382
09944
04607
10368
02307
06573
08826
12073
04546
07237
06768
07538
02920
06362
15016
00874
13557
00035
02788
14802
11534
09408
09302
08771
06213
11150
01703
15588
00748
12511
00022
03185
05826
12238
04906
08234
13978
14517
07613
02884
09837
02629
05818
15122
00154
06463
08808
11711
09056
00390
08591
08019
13941
11927
02602
13704
09927
06679
15214
13583
08007
04617
14434
11464
05851
15045
11158
14306
06609
07075
09204
14863
07184
04693
10578
06892
15510
08639
08199
10875
04277
01654
09389
04973
00803
09059
07005
07696
02983
11504
07261
02862
10138
09048
14617
04918
05845
10478
09227
14016
08456
08458
08612
06784
04892
08461
14149
08436
14138
05265
01416
09334
13285
12561
07424
11982
02351
04688
10034
05537
03957
00033
05047
14818
15365
13811
04922
14027
01538
14952
01850
01004
04528
03347
10414
00605
05098
00694
06761
13363
14990
06354
12980
03613
14041
14771
07578
11494
04400
04640
12350
11500
12838
09923
09263
07213
00519
00198
14518
00729
14489
08776
13953
00340
11920
06524
03703
09423
13775
06208
09498
11264
09570
04422
03573
14326
00779
03866
11678
11502
02898
03940
12669
04462
02954
11077
00961
07667
04218
02738
15481
09832
14043
01809
10915
04670
02839
14522
00522
11917
14782
14246
02850
07361
00788
02677
01060
01165
07912
14801
13888
12869
11069
13901
12194
11903
04872
13475
02249
12232
07207
06445
09773
14545
08941
10967
14586
02592
05438
15376
07699
12947
05482
01503
10358
13817
02430
08662
04708
03288
09173
14957
12603
09386
11933
15191
15551
05385
11646
04600
03725
01865
14793
04795
05252
06203
10509
00259
10977
12958
04619
12501
11461
03247
09197
10795
02998
08210
09826
00194
05063
14146
08840
07672
04759
06379
01631
04269
00073
00941
07163
02710
02785
04070
14912
04398
11288
15574
02012
03580
14723
08622
03928
10007
15206
05882
02324
09256
12818
13614
12729
09941
14866
13736
07217
05246
10188
09452
03303
12828
00564
12682
14491
03538
14202
11056
13230
05183
06707
15225
10539
05856
12457
04441
00655
00532
04506
03421
05175
08719
11026
07427
15317
01273
09298
04188
08325
13240
03472
01047
00576
01962
00806
07933
10804
03302
02449
01029
00974
05563
09459
11231
13753
03605
14070
01625
05283
11639
14452
05990
10753
02306
01248
05094
08464
13734
14546
14045
09916
10598
01192
06246
10458
08275
11551
14544
05037
03814
02266
14629
12185
01990
03991
09587
01797
11012
03885
07318
01753
02612
02812
03784
09676
14485
01930
10190
13903
02384
05879
12613
14588
09090
04964
08479
01863
12983
04654
10847
04673
01307
08668
11426
14581
01126
02362
02013
03271
12179
07469
11734
02974
14449
14329
04567
13701
02620
12142
00131
14024
06652
01197
05569
01827
02784
07192
10374
03026
13930
04330
10125
13262
01361
07676
03955
00423
02007
04354
08925
04598
08309
11350
07434
12707
07611
00396
10700
02487
05154
07307
03029
03395
15196
03443
09462
13877
09622
13880
15155
03290
10810
07162
06567
13023
03380
02628
12427
09715
06391
05627
12402
08389
10167
10962
00110
02731
10547
02346
14022
11623
06988
11353
07030
05567
08899
08707
07956
15419
12859
10110
00424
08126
10952
08351
10921
14201
03927
10627
15329
00884
00009
01783
08262
04725
13974
09625
14387
13674
02933
08465
12553
11775
00002
06766
06304
14561
03983
00987
03011
10773
13957
15218
04969
03860
12666
06645
05495
10611
02745
08613
13265
13944
11213
12409
05420
13370
10671
05122
12503
08655
00354
00137
10160
14310
02860
13762
13603
06373
15200
04377
11355
10413
02596
02931
13667
02150
02114
11452
09412
10928
15414
09222
13752
02888
09545
05421
14389
04122
00895
15157
01257
08827
06191
01915
04996
14583
14997
02381
14183
01519
08695
09225
00072
01921
14709
00769
04850
10715
11035
05386
08632
06904
11656
14065
10643
09992
12496
08734
14892
04975
09385
06384
14142
12973
12125
07530
12513
02777
13092
09677
11935
07971
00103
02684
13464
01992
11135
01026
00569
14599
12816
10198
14254
12087
13415
15375
10985
15293
10588
10862
08010
10523
09996
10051
00708
11006
02751
02397
00267
01977
06674
10094
02082
02557
00715
04668
11501
05782
06863
04445
00222
05165
00201
09983
14271
13648
03942
04974
07057
10488
02539
04916
11662
10087
06873
11415
14248
04004
03398
12924
10542
11651
02618
07642
03965
11308
01788
11604
10419
03631
03078
14658
14097
08914
11676
11793
14086
10852
15391
06266
00558
02119
11152
13116
08742
12762
09724
13658
00382
05998
09392
15452
12755
13147
04438
07335
10850
13639
06983
08387
01369
06458
06232
09787
06919
10043
00983
13927
10717
04039
01532
04704
06334
13973
15580
02720
04519
03385
01607
04763
14090
07156
12664
01619
04484
11790
08589
14459
12070
09024
15310
08430
04675
13599
05598
03390
08825
08302
04036
14279
08905
12573
14870
08936
00892
06515
01539
10145
06329
08892
04627
04900
08654
06778
01272
05933
00350
03718
03673
06402
06579
01873
13827
13723
04745
08445
13003
11652
13480
06265
05714
07356
14967
04434
03022
10515
03044
07781
13715
08929
12386
07630
08484
02342
04808
01630
06374
06879
02571
13548
01553
00942
06429
02137
13774
12230
02659
10321
08145
00937
05161
11593
15171
03907
11096
06485
15374
06166
00546
09418
08636
01031
08316
01722
10829
03962
13111
05607
07314
04023
01997
10931
02796
09343
15243
03735
14236
07125
07446
06464
02024
06343
03294
04040
09955
09216
07636
07619
07044
13970
14987
11125
14493
02379
01760
04278
10036
15284
03315
00920
04346
08625
05137
03023
03612
00232
11078
00425
05176
08658
04532
15558
14869
02829
00951
12379
11805
02588
14157
14597
10060
08988
11395
01770
14703
07152
12211
08980
13689
09064
02285
08163
10918
12442
01866
07239
02837
04536
03641
05019
13270
13831
12193
15425
09274
03646
05331
05800
00229
07768
08123
06150
12759
01531
10411
02336
02315
09310
04420
11618
00346
05517
00279
06091
10922
00918
07364
15071
12173
03495
10978
00305
09738
01381
13517
00327
04880
11926
03914
13477
07640
15198
03433
15447
10724
10075
02105
01646
09704
01900
10965
01338
11663
04550
14524
08853
12329
11875
01321
13846
14014
03572
03350
14961
01246
09897
04213
14974
14119
13630
03018
13225
07002
06621
01061
09155
03475
05731
14311
04556
14823
09693
06534
10249
11065
15446
10357
07116
06611
01802
09106
03707
12478
01056
12544
15177
09938
11944
14341
12476
04832
14375
03713
01148
13073
10008
15532
05192
11876
10936
09327
01196
10294
04208
06072
07684
08991
03974
01513
07218
09108
03206
08060
01463
13153
09314
03040
04835
10997
00905
01443
08566
00333
07733
06539
09121
11787
05644
05352
15054
07322
14432
00405
15311
09624
09395
02286
07678
07796
10861
11166
14834
10992
13515
12555
12592
12114
05326
09253
00675
03454
09014
06170
08459
00165
10247
00711
00525
10028
02523
12313
12319
02512
11005
01223
06782
10618
02992
12593
06678
08653
12455
02608
11821
06069
01354
12175
09748
10856
12618
00772
09397
00220
10932
00356
02073
01650
14693
03225
10109
01449
15364
00707
04142
15098
03289
13834
03622
13640
06140
05711
10251
00471
06633
04634
06891
00361
10424
01926
07101
04051
13624
00016
10141
08916
10557
04446
09088
07993
08462
15432
12082
07524
06911
09848
12876
01838
01832
01057
03272
11869
15402
06371
10275
02239
00510
09680
06735
04869
11282
02472
11913
15571
04315
05846
01565
11323
13047
13999
10576
11372
03721
07782
06758
09085
02698
09665
02984
07532
02432
03037
11706
05527
10506
04839
01335
07408
02583
02047
06871
10071
14781
01172
00652
14646
14033
05487
14407
14021
01774
01798
14296
09971
12665
05575
13079
02550
10857
14483
03606
10897
10929
06339
13914
08973
04719
09901
07894
13862
10432
13572
14780
11192
01762
13474
02470
11637
14695
06992
10723
13283
01948
01401
07317
13239
03980
14839
01537
14004
13338
01050
02723
01095
13219
09319
09309
13129
11900
03607
13209
06209
12149
09329
09801
09186
06008
07258
10377
12172
06101
15092
14688
02525
09362
11650
14472
10489
06325
04877
06326
08423
02957
09338
03640
07769
08369
00781
08412
06404
13015
14233
11405
01348
04678
11979
06851
07296
08856
07778
13904
14121
12949
08434
09657
05630
00684
04534
11242
05007
08371
05906
08415
13535
10316
11453
13949
05405
00468
01667
14289
03772
12373
02790
13048
08538
02214
03749
03910
01556
09554
07589
00019
15026
06162
06716
08930
11810
12371
04960
11483
14084
00800
14285
03416
02296
05308
12902
09156
13916
00722
08987
08847
08455
03310
11701
04104
05706
02338
15473
09080
12913
11068
10332
05237
07313
02356
14398
03807
11329
11680
15074
03625
08281
11732
01511
02709
00114
14234
10336
13828
15095
12936
09489
13492
08393
13469
05434
04781
13804
03719
07103
03853
02360
10757
09691
12972
10361
12190
04641
05001
13589
13727
12098
06589
11648
06511
08217
08722
05120
06196
13466
00205
11467
06506
03992
11644
09131
07953
05065
02205
13468
04794
03437
00570
05167
06281
09777
03216
12352
15197
13114
06602
02872
11228
09445
12016
09291
12048
00536
14622
03873
15587
03511
09220
13832
03501
10091
07176
08615
04730
12615
05310
00679
14946
07323
05069
04120
03815
03021
14894
07242
15350
14240
08467
04295
07998
03817
11624
02065
07227
09679
14225
03284
00757
00373
06545
03008
10896
06689
02555
00273
06612
11427
00286
07114
09030
05768
00560
10943
04099
06453
06141
11285
13381
04765
13024
11017
07064
13349
15338
03020
04356
14576
00966
03769
05855
15086
08482
10129
04034
04424
05917
03603
15251
03295
04232
12993
02005
03376
09063
08937
09374
10363
08006
05535
15456
12141
01249
10602
04262
13621
02093
06075
13905
02956
01655
03293
11226
15140
11187
03877
00681
00826
09351
06408
06303
06038
13754
01302
07339
13558
03598
02577
07039
04062
10179
06172
08932
03959
15519
14013
11146
12892
12831
00461
01188
11079
15094
13190
10677
09782
15209
11868
04813
02928
05964
03496
06053
12057
03381
06080
02125
14412
14474
02748
14286
09793
06146
08048
02732
11199
04631
00164
08077
00922
03559
00253
15462
09795
10417
03539
03076
12191
05693
02938
09288
15301
08327
03724
05440
02755
11243
03447
12077
05799
02905
03150
11403
13232
11970
02967
03592
13496
04155
12122
01759
06118
11200
03792
07290
10055
05898
04907
01848
01187
03462
03282
10658
06351
09796
03057
12251
14228
09286
04566
14078
03552
06796
06555
13442
08492
01417
10032
06195
10516
04201
12655
15413
08347
15147
10872
15266
01349
07725
09641
01429
14172
00761
13659
05241
00699
15247
02120
03544
07744
00092
03575
11759
05130
08104
01704
03728
10033
09349
15592
12882
02879
11206
07442
11930
09217
09737
12626
07718
01150
15392
15466
00967
13056
15032
09908
01062
05231
06370
13570
07033
06437
13788
06308
03405
08676
14867
00529
05455
14102
01673
14351
08837
15478
10362
07996
13463
10925
00282
05651
07000
10983
07016
10076
05392
09442
07596
08080
12606
08120
04776
11123
06522
10163
03118
06653
07488
10603
15298
08867
14861
03761
14743
01048
02582
09432
10549
04319
05043
13795
05159
15548
13031
14374
03173
00644
13801
14475
00318
05881
15485
10470
02151
07084
03639
04436
13976
08223
02466
15333
01515
15337
10883
06932
02241
13746
04547
13041
02971
03509
14620
04716
03637
01729
13573
13981
11992
08862
04093
07107
02934
09751
08498
15499
12332
08533
09054
09370
13683
08584
12079
03161
08442
03213
11839
11726
08675
04784
08013
08297
13966
03255
08295
11233
00197
01364
08699
13951
11564
14030
13806
09497
14095
10059
09082
05468
00667
00636
11679
11239
14153
04887
02242
07036
14242
15027
09416
11717
15565
09074
06839
04629
01442
12758
01957
07226
13094
11339
00561
03112
03834
08470
13055
15128
15117
12919
05761
09025
12652
01138
00299
04622
11609
13591
01446
09548
07289
08718
09210
13909
01931
11707
14226
03704
13248
06032
09635
02444
05944
14814
12292
03532
10524
05704
06081
09476
14689
01772
01572
00339
11300
13967
00177
08728
02634
11582
04618
13644
15513
03090
08796
08598
07573
05895
07365
11193
11692
00580
01881
12195
05585
14178
02258
09117
01545
02186
08567
06521
10728
07727
11712
00152
04139
07373
07058
06311
08955
14207
07130
04331
05051
12670
12299
10513
03241
04911
06937
14560
05147
08652
01816
11848
14656
13296
00028
14293
05807
08712
00637
04752
08067
15567
15527
05710
07386
05604
13397
03122
02446
06979
08090
07709
06936
15208
01595
06743
08227
06122
02256
00996
07411
12062
03047
13574
01325
01263
02486
15275
08901
11151
09721
05401
05738
11611
02718
02941
12986
07581
09670
02705
03252
06421
07770
11195
08633
10227
02263
00133
15221
08917
04840
12658
00144
06262
09902
03820
10669
06512
13063
15231
04755
04934
14797
03157
15335
13576
13840
00190
15273
11136
03610
14882
03400
04358
06504
11993
05260
09199
10848
02595
08602
02993
14676
07347
00027
10088
10484
04195
06467
04772
02116
12529
08581
02774
01073
00212
05615
08575
15210
02192
02357
03094
05227
01207
07224
04594
02431
07863
12542
00150
11606
00709
08545
10215
03647
05452
03330
12316
04537
01447
10895
13488
07491
14167
01309
06786
09152
06781
09586
06852
09731
06381
06031
01102
11316
04153
00196
08907
09768
06817
12605
14229
11261
07609
02022
10150
06267
00426
03448
01872
14922
05859
13457
07599
06580
09028
09589
13166
04164
12579
07061
12651
14726
06727
03589
14385
15138
08225
03827
08190
09764
06760
12148
14642
09956
12844
05226
12793
11669
03234
15436
08475
07864
10201
08314
03191
03274
07527
11540
02272
10152
14215
01087
14762
14891
04264
03938
00414
15111
09369
06148
09052
12335
11865
15494
08198
05559
09924
02617
13353
14890
05857
06117
08111
11965
15007
03645
04910
06007
09566
08156
07764
05674
04984
00096
01239
08517
15078
10532
15005
05599
13358
11967
09283
10802
10149
13249
03457
13365
07405
10745
12730
07453
09368
13085
15267
12369
01123
05832
03033
07565
09530
00768
11531
10686
07745
03128
08277
10732
00266
01076
09153
07517
06866
09968
11473
12109
12267
14173
03758
01193
09020
09252
10687
03582
03058
15328
04791
01435
06193
02631
07115
04301
10296
04046
14566
13946
08044
06872
06790
08590
04048
11298
07362
01589
06123
05823
12135
15064
05166
05330
06921
00101
04554
12534
14466
08365
14750
02060
05458
02697
01914
00651
12527
00435
02754
08167
10830
06740
09313
04382
04143
04072
01198
01113
00755
10771
06705
05205
08682
13294
14804
12578
12717
10139
11748
06711
03729
02563
03698
11895
14486
14567
11882
09178
00738
04841
11696
05129
15132
06619
09293
09614
06829
03633
06438
04557
10639
05299
12559
01853
02650
00306
06136
06702
15063
01371
06252
10074
11352
00830
11843
13726
03153
05170
03467
10949
03055
07681
08563
02438
11921
13983
07647
14826
02322
02244
10642
13136
15002
10263
13700
08702
00777
10229
12035
05169
12988
11757
05375
07963
10244
01459
13481
00083
06556
12548
06115
11370
12009
13154
01910
05461
11673
13337
09851
07319
08908
12315
12472
14156
14132
08296
08696
00578
03636
08957
02980
12243
08684
03197
09639
12372
12085
02727
07698
05277
12751
00349
11441
05229
15268
11664
13643
06998
07181
03366
06450
09892
11476
10095
01732
09331
10193
09139
04464
03515
14290
07393
01869
08354
00209
13766
07968
08769
08068
14515
14447
04780
03325
09166
09053
12489
01835
08709
01315
10300
13088
01752
00744
13377
10673
04691
13109
06179
14429
11918
06959
10092
14453
05648
11225
13157
03595
14532
07334
10264
15036
01743
05805
02532
10934
03463
03558
12725
10322
01398
05657
11411
11455
03105
05909
12358
14343
13149
03053
03846
03440
02229
11434
03936
07695
03642
03531
04162
05198
03782
00730
02633
01970
02418
03753
13928
07526
04761
13845
03103
13634
07190
00915
01502
06831
06067
08512
13642
05764
14806
07607
05234
05871
08949
06531
14763
10904
07144
02303
07932
04595
00958
05382
06723
13323
04083
04812
07468
09296
08246
07553
06102
01917
02068
08831
09031
00221
03116
04998
07703
01306
13510
03712
12297
05026
05187
04817
03001
07569
15105
00063
09656
03529
04785
10403
00439
13074
07520
01396
14300
00362
11346
08114
01877
02122
11163
04344
03699
10726
11978
07133
15125
11084
13176
03163
12829
02383
03510
13132
03912
00067
03746
11719
11556
06361
10494
15062
09081
15407
11541
11117
12679
12783
01324
10098
02702
11421
11049
10456
11337
07486
03899
03051
05073
07869
09510
04539
07108
02248
02623
11219
14926
10023
11115
02906
05152
13313
04138
09598
13529
06681
11382
05422
07924
02708
14732
15395
06221
06594
00985
07312
10353
01810
02234
09270
00518
14671
11202
04991
05247
11519
13947
02919
13054
07999
05395
07722
09463
14094
12672
11530
11334
09124
05372
09977
07952
07480
14838
11728
03665
03077
04568
15050
11629
09958
11889
01836
01334
06283
06601
07895
00249
04930
03253
13713
09890
06018
14330
05321
03115
12255
15401
01116
15319
09282
08059
12754
11897
11811
12254
05683
12739
01606
01162
11816
00429
00863
00852
01652
07046
03418
15342
02597
08267
12801
05343
02059
00268
11205
11782
12004
03579
07807
08244
07850
11999
11854
08230
08921
10298
14347
10180
00344
12833
06046
15346
01152
01901
06552
10697
10742
01651
09741
09806
08764
10845
14915
00475
14394
06175
08115
10360
06665
10012
05318
00930
01255
00908
14770
05840
02081
09348
06273
14048
02368
08502
00550
11722
06741
12539
10435
11861
02932
00986
08333
00213
04217
10907
06823
12282
03881
01896
14659
01713
00094
04372
08485
10614
09144
04809
06757
07129
02232
01332
15242
04932
13675
02475
02046
13810
11758
07649
06647
05379
06642
07432
04689
00701
12598
12333
02170
05418
15575
05436
08348
13559
12326
08876
08107
08883
10273
09904
05842
01533
00124
11633
07324
15366
07622
07357
05675
11818
09142
00155
13792
07761
07299
06472
09942
08708
03543
02605
11109
12502
00365
02531
01933
13521
10787
03829
06130
14221
09649
10661
01656
12168
08604
09783
10158
02926
06299
14501
07091
02817
12458
10335
13069
15590
08972
02667
15362
07887
09911
01351
06462
15586
10266
08723
09094
01982
15340
04173
09012
07195
08669
00459
00427
11190
03530
06849
01942
03244
10370
11919
11399
02757
12515
00916
07767
14032
04296
07132
02959
13173
06968
04753
07492
15507
05548
12061
11254
11752
01482
08873
05201
02977
02579
11088
02117
10590
07875
06736
01360
03963
06544
06677
05594
05285
10226
01672
12466
13732
06846
02740
12526
09269
12221
15175
07959
05557
13995
12451
10743
02515
07292
07234
14465
08852
11281
14054
05448
15261
00856
07493
05017
03172
12781
14824
01834
07901
08166
05435
14521
12757
13350
08687
03888
02035
06133
14908
09448
14127
06023
08647
08535
01932
15576
12271
00323
03566
04543
13026
06546
01523
12493
07293
01343
11931
03796
08231
00358
13561
09695
08187
12695
02858
07651
04517
06569
15398
06618
00575
09995
08578
04928
04901
08051
04132
15249
14177
03208
05477
02355
10563
01252
03332
07151
08089
09827
00653
12805
11559
08823
02077
01718
05786
00283
03688
05224
01958
11177
14764
06309
03268
00377
08798
10693
02873
09975
02489
01231
12182
09993
05997
07686
10425
07155
06769
05225
01374
10492
08650
07574
09396
04206
07934
11111
01308
06947
13237
10045
06082
12331
05801
08312
04336
07665
07645
11733
00195
02062
08515
06449
01129
03499
02174
02756
00545
14746
02559
11575
00184
01101
01608
04369
07717
12432
02001
10780
02996
02402
02443
04009
10231
03067
13992
10211
03889
05794
05261
11252
05688
02658
09588
10751
13433
12564
03435
03445
15498
14001
11161
03748
00794
01211
15361
01840
05925
00620
01269
04159
01388
14462
03614
08766
12213
14141
01520
06643
08491
05131
00678
04468
12524
13709
09136
03968
07106
11754
05406
07232
13855
12416
07664
04972
12078
08804
03093
05335
12200
11542
12431
06282
11591
12083
02463
09055
04457
14437
02506
13785
09488
04031
05491
03670
13142
05531
03386
12040
02447
10304
02668
11950
00153
13741
15072
11385
02823
12217
01128
11055
12222
03142
10106
02830
15031
14478
10725
15422
14170
09682
03488
08765
12283
08011
09580
12441
05320
14978
07852
15119
13565
07070
01177
11503
00316
02657
00421
03609
12412
12934
07437
13749
06003
10224
00719
05539
03080
09026
15341
14382
02237
05003
12619
06001
04345
02131
15237
11345
03203
03868
13789
09577
08568
01786
03583
14391
11511
13307
09775
08671
01448
12113
09267
11553
14960
07857
06613
09667
09774
01333
07557
06274
06414
07315
09371
11383
06044
08337
13138
05023
06328
05884
05041
06228
12737
04581
14325
10212
10178
15282
14012
05650
02613
05624
08532
10291
15181
15556
00116
03978
05124
01906
02944
09455
12888
15041
00098
06683
06592
09322
00472
13229
14319
01121
06793
11118
05763
05322
13042
13895
10250
08821
13266
15445
04679
14605
04328
11188
10521
09786
02335
03987
06070
01108
08186
01684
07942
03451
13036
13424
10257
09171
06108
13186
10459
08058
09974
07209
12835
02213
01019
06558
04692
06918
12419
03308
07983
15107
12053
05432
05219
09211
02037
11809
07109
01470
06669
12668
14512
13342
07325
00068
12391
07802
12688
01109
03382
08023
13263
00508
07414
10085
10232
07756
01507
03822
01234
11799
00549
05935
06027
02197
06902
01491
00104
12304
07776
12133
05125
13729
14431
13172
06417
06798
04562
12728
08173
03487
00796
10629
03444
15514
06097
12510
14159
06703
05060
02112
12495
15137
10480
12302
05197
03393
09664
05115
03585
06946
00444
03541
13291
06341
03858
00666
03186
14768
01973
08793
07370
01153
13316
14433
07069
12068
00119
13893
09361
05143
09506
02153
02675
04272
08537
07328
11961
14949
03476
10536
05369
06085
02142
12589
05523
00171
11457
08181
12883
00586
14752
02937
07977
03407
10805
15278
11655
07428
06487
10340
05215
01489
04037
15024
15561
06491
02203
08527
05684
13152
01925
01723
13971
13863
13866
03478
10940
11119
04775
07750
07564
04310
01412
06318
04186
08616
04385
07846
00914
01581
13569
13416
08452
08263
03715
09814
03754
08379
13104
04044
10354
09495
01139
13755
03658
04069
02408
05749
02671
01250
04423
12121
05106
00524
00079
14893
05532
03297
08529
13446
03242
06819
02962
01934
10068
05081
00740
01386
00163
04245
09503
13210
05211
11016
01464
00954
01337
11444
02672
13954
02857
08596
12824
12918
06698
15314
14563
08317
03786
13115
11742
14320
11616
06012
12809
15492
00355
14367
10645
11730
08345
03835
02074
15596
03108
10595
13392
04409
11256
10366
14864
13434
09104
10990
02372
13744
01190
14654
00978
00043
04953
07931
14795
02056
12159
05824
12806
08133
09645
01814
10574
15222
04110
12242
10159
15524
01763
00233
14697
12411
00542
15014
02457
03158
09836
08494
12867
09383
05294
14825
12167
01016
11326
05613
12473
13525
04739
02448
09746
10766
03123
11284
09232
01756
06564
11291
02274
00889
07045
12860
01670
13812
06799
15371
06896
09899
15156
13025
07367
06847
09451
14015
06566
07945
02970
09184
11667
01575
13198
09618
05445
13454
03811
05551
04530
00308
10664
12279
08814
11371
04912
01221
07375
09183
13259
07308
03692
07523
08885
11186
03887
07104
14680
04456
14372
13838
01688
05797
15077
11159
12916
07501
01698
06345
08725
13926
02902
09861
07077
12325
08094
08155
08409
04282
15184
08995
03043
07588
04571
09534
13737
13308
05339
14857
10352
11681
08219
07066
08308
12726
14728
06062
09663
09219
07815
13372
12101
02420
06572
02737
03198
05837
13858
05450
11612
12899
09135
12995
12742
05515
14951
09978
04074
12790
09145
01345
10890
14876
00090
04733
07452
14757
05177
08627
01702
09427
06095
03237
13518
06585
02316
03477
13127
11277
04035
04079
06810
06807
09612
14507
01005
10824
02279
13865
09866
03911
02593
13295
09402
09147
05620
01125
01322
03791
03211
05589
00074
03587
07406
05293
12815
04202
11841
07707
01136
07060
11342
12256
02527
10174
01316
11362
14469
15084
12260
00670
14093
14632
03323
07537
12177
00404
06595
13696
10529
04584
14268
09122
12886
01406
01247
03035
14402
01710
00616
12055
02070
14707
02988
06434
08057
03491
00160
02350
08306
04496
04564
13007
15477
09265
00106
12393
14508
00664
13952
15566
08103
02392
03406
06201
05431
11536
02664
03747
03333
10144
00927
11479
06886
06553
06216
05591
05273
01283
07026
08446
02407
05362
07625
06227
12914
08870
04283
01091
09634
09244
14109
02370
02181
12151
00981
07995
05102
09947
09328
02562
01034
10951
00789
10177
02594
13955
05775
15183
05430
10651
10898
14477
13331
09808
03010
08489
11710
12711
05072
10893
09628
11699
09070
00696
04606
13258
08189
03365
14164
05344
15162
02805
07918
15091
14883
03590
07250
01959
13369
08028
00894
01438
10842
11244
15003
03843
00148
11827
08833
05267
14937
03168
08254
00697
14145
07890
03387
03750
08307
08703
04669
04306
10194
14344
07798
11693
05510
09690
08971
01585
01676
06323
00483
07068
11642
09206
09415
12778
14504
09792
06975
13201
03731
09662
11241
11773
14813
01313
11018
11942
12708
09668
00511
15369
14028
15033
08367
14907
01525
02413
03618
09626
13009
01861
09850
06614
00822
09659
08956
03513
06392
13168
11925
15290
06229
15502
10044
07697
08948
06675
05329
05918
12330
13272
03805
05029
03099
05275
11715
10733
13006
09195
11994
14010
02391
11215
07222
15224
12235
03024
04870
06312
12962
03593
01154
07735
12486
11808
05737
05534
06966
00175
07287
07892
01599
12417
04526
10416
08664
13131
05927
15059
00643
00236
10716
10127
03740
15160
06431
11498
13373
08292
02500
00992
09297
11769
05959
03075
14677
14096
03391
08183
12735
04451
12108
12154
06912
08522
12250
15354
13943
14476
09810
08514
03411
14531
10181
12676
04578
07885
08777
09511
14737
09101
03131
12630
07071
14261
14699
07285
12424
09617
01201
13333
01242
05779
12075
06808
13096
11864
07499
07392
01614
02055
11289
05878
12400
03429
05356
10688
04988
10117
01036
06935
04284
06755
15233
05454
11343
14197
06990
03969
15357
08733
11724
10836
11814
14479
14644
01937
00140
01637
15363
05048
03230
12926
03474
14350
11835
15535
09936
01209
12744
09003
08358
08194
07521
05168
12248
01120
11922
00181
02969
04503
02621
02095
13912
02111
15416
09760
07172
13588
14944
08619
11227
12482
03608
12819
03369
07772
15260
09320
09838
06171
10876
04045
13423
06934
13890
00269
04151
11671
08772
12639
03886
07820
10243
15430
14849
11128
14564
07161
10386
10210
07350
10311
05838
06205
03003
10000
08139
15444
04696
10811
11456
11250
06843
03388
04724
00749
02254
12945
11718
11960
02670
12634
00982
14181
03659
08634
01103
09105
05049
08690
01494
05353
13357
03152
07972
05549
12096
04224
09982
13958
14278
13061
06999
10979
01362
00627
15164
04721
00886
12370
02481
03851
09058
13784
10945
05424
03734
10382
15065
08099
11884
12857
11796
07631
14077
01791
08800
02435
00831
12146
06520
09280
07814
14551
10626
13829
13297
01706
01829
15158
14854
11398
03905
05000
12382
02986
06051
10659
03456
15442
07601
15373
09004
03726
06022
03519
07145
12519
14425
00813
09243
10694
14369
01512
07793
08678
11890
05926
05223
08449
05348
13076
07041
10039
14218
02899
03967
13839
13843
12796
11179
01281
07833
08997
04858
10832
06132
04754
12137
14772
15460
05089
06518
06928
03952
12942
05144
10522
15542
11087
02028
00959
15035
15469
14542
05952
01397
14360
11798
02572
01773
02002
03177
05572
11401
01173
12477
02187
09165
13512
12938
02453
05985
09235
10699
14981
01163
05221
11571
13000
06346
10546
11127
10604
05907
06099
07559
01244
08689
14244
02955
00693
01963
12214
10729
06507
09524
09536
02080
14739
01492
06174
07490
03260
05538
14530
07965
00674
02822
01897
01392
06263
10187
15302
05473
09393
02504
01705
02226
14574
11322
03898
01805
03803
15212
08257
09630
01978
13524
07182
11176
10399
04430
09880
07263
09201
05258
04412
10995
07552
02511
02611
01714
01605
14721
02609
05503
11771
08787
02921
02637
04337
09301
07539
12157
03684
01410
05717
11126
11985
10334
05476
06907
07808
12404
09579
04925
05866
00932
10679
14920
10396
10460
06425
10720
09333
06756
06386
13735
02916
10222
10665
00275
00810
11162
13495
04393
03998
00737
12911
08799
15034
06565
05921
08688
04521
12704
08863
10217
06279
04022
11149
14194
11275
02882
01083
03514
04502
12303
13130
12139
06745
03372
00343
05843
11974
05519
12719
13214
01598
04011
05499
00145
11148
06729
13087
09002
10246
04235
07951
10016
01203
11789
13164
00976
00533
00677
06057
01404
11103
02210
00698
00037
02529
02044
02208
13802
13487
05590
10749
00907
06874
07754
15039
05188
00828
05297
03223
11508
07917
11649
12770
01002
14124
00594
07990
15133
13089
12943
11862
05216
07303
08746
02508
07179
12535
13195
01686
14315
12258
12425
06615
01408
05777
08425
06803
13346
10364
01548
02484
08162
11155
09303
00802
14237
15248
12565
05018
07007
07496
08031
11025
15272
08071
14526
15553
01294
04006
13826
04889
09605
14900
09686
09381
10323
06526
06298
07015
09771
04230
08855
00151
02913
04413
02156
12842
04563
04884
05522
05255
14596
01685
04001
04212
07937
00625
13649
09444
14252
08341
01566
06887
11292
07429
12443
14742
08376
14484
08168
13388
05821
04830
15429
08838
04211
01610
00843
09684
08781
11037
03666
09441
14055
14187
12848
05489
13593
01058
08322
00639
11735
11709
06575
10769
10662
13577
01726
03806
04747
13767
06877
08631
01775
07587
10082
10901
04664
03826
04952
07394
08805
00328
04453
08024
04411
11490
13790
13389
09561
08346
02041
08990
00598
12225
07189
10147
05291
04671
09231
08226
13222
04915
09945
14224
12609
07351
05951
00004
05303
06598
06561
14554
15579
13948
08175
09965
01812
06593
13292
10607
03924
08204
07513
13431
11785
12076
10584
14727
13059
08290
02473
01689
15042
10195
13212
09812
08480
11422
10290
01228
09839
06497
05010
13252
11082
04285
13797
10582
06029
01012
09829
08792
15102
04657
08372
00030
01738
06728
02212
05151
07470
14291
14338
11636
09830
03473
13364
08986
11259
03551
00743
11703
04773
12181
10427
10346
03248
14117
11180
08221
03546
08427
03465
01350
05681
03174
12459
10871
07777
15358
13760
12964
03015
15220
04483
11436
13965
13646
10356
14175
05242
01430
08962
06256
13988
07122
05479
15056
07882
08135
05263
03147
05250
01764
04250
08396
03973
08666
05950
12545
05862
06509
07321
09457
14927
01864
09571
04882
00005
08569
03129
04494
04767
05829
10337
12398
00482
08571
04415
00773
14858
10265
03775
14180
12703
02228
02811
06016
07267
15082
07700
11946
13150
09739
07938
04448
03139
04145
02909
12768
05919
10105
07277
05971
03783
07962
11686
10685
07333
03895
01075
09233
08444
07248
14337
09692
14664
04766
12487
12381
10882
11874
09247
14841
01112
11788
12001
09789
11230
01119
14052
04043
15428
07390
11067
06944
14323
07715
02468
08871
07391
14179
03771
02854
13436
04259
03364
07415
07514
01888
09541
00798
01636
05769
06244
11271
10988
10550
11293
08924
13445
03028
00200
03776
12557
10609
15076
12387
12367
01584
06287
05064
10927
13522
12847
06688
03932
00878
01124
09604
14115
04876
03014
02085
03399
12978
08087
02353
04326
13051
14481
12731
14704
15203
01592
06432
04886
05765
07757
11800
03745
12380
09653
05914
06744
06772
13959
07689
13462
05902
07374
01454
14851
05646
13188
14929
06189
06121
03338
02734
07257
01279
09998
01149
01757
04231
15589
09989
12144
14133
13922
09011
04240
04485
03799
13197
14696
04904
08959
07949
13526
14420
14390
03789
01175
04515
14690
10481
00012
00258
04913
13376
03664
12072
03484
07221
02619
13513
15597
07120
10972
10153
07316
12746
05284
00700
03767
13584
13514
00225
00095
10183
10447
04501
07455
13309
10879
06563
15441
13822
06292
04096
06234
11744
04656
07518
13582
06375
01524
15380
07979
12112
05560
08466
13972
10172
11092
13287
10467
10302
09609
11072
10169
02887
11482
11708
00530
09376
05622
08887
00495
08038
11004
08282
02199
08121
05518
06125
07504
05364
09200
08651
08977
14047
06845
06578
13758
01987
04883
09255
01912
08339
01968
11043
11619
05411
02223
10530
08819
14324
07969
04397
14395
11240
09807
06888
02819
07592
00113
05835
14116
02045
08018
07795
05350
01649
10775
00973
10465
05751
12265
00567
07420
15143
11033
12826
04845
09419
04639
03663
06090
14416
12273
12514
06290
11442
11007
11207
07930
07629
05309
05459
12686
06206
12991
14983
07516
10786
04897
01317
12347
03299
07706
12215
11763
10961
06479
01603
06538
02804
05995
15530
06297
10216
00295
09921
03702
03464
03534
12209
10121
02843
13161
09876
04192
09404
07238
08305
09939
05642
08756
08720
05744
03596
01407
12536
10873
12621
12306
10047
13938
06369
11229
08318
13040
06812
00161
00059
07241
13343
12901
09802
13491
09266
12789
08752
13539
10317
01996
05781
09237
11168
04959
14999
13871
08053
10727
15431
06530
06314
06885
13690
08403
15405
04665
14212
10984
00085
09549
11354
15470
10817
08641
00169
14778
10545
04058
14938
09683
03239
05977
08178
05027
12523
03941
00783
06763
07752
10575
07011
01179
08674
05773
15264
01530
05022
01831
00347
01981
01691
04868
13465
11424
06093
01781
10689
08232
06714
10718
13960
01784
05758
09845
09246
13409
03964
11873
05233
10512
06204
09198
07976
04286
08985
09865
03710
05296
10213
00139
13861
02999
04966
10567
14450
02722
00665
02240
11410
02412
07451
01943
04863
13325
15559
00501
01437
15417
15294
05355
01576
06510
00088
06441
05076
09776
05943
12467
11009
03624
11846
05854
04611
05733
07582
07001
04376
01867
05058
07669
02454
08902
05611
00612
10964
04073
04362
03764
10517
11209
00584
08096
03317
01741
00516
14103
07186
14935
08667
11496
04658
08926
12206
06841
00118
12341
14959
10090
11608
04888
05739
09564
05729
06525
01458
04805
14611
13673
14322
00186
07632
07868
10450
14019
06922
04124
07197
06257
12791
12694
06950
02211
00280
06155
04768
03273
11274
00353
07216
11381
00750
12533
01535
05988
05671
08041
08842
14548
14889
08330
05235
03229
14219
11505
08910
09492
10891
13334
02565
01357
10164
10111
13366
00149
06682
11142
06838
10554
14947
08124
00026
14060
09700
09154
04731
05689
03267
08239
03019
03316
13233
05806
05507
07510
10372
00042
09027
07153
12990
06407
05874
03340
02405
09391
08428
09411
11857
01496
00747
12383
12922
13330
10944
12321
15088
12769
02459
07865
11140
10998
05931
12164
08438
04169
04146
12491
12532
03164
15053
03030
05899
05770
03493
09299
10155
00902
09906
05886
10635
07471
00766
14872
00964
01199
10056
06628
08055
05193
04302
00943
01367
06378
05614
00535
01068
15030
10237
04399
07206
14749
12298
05719
11584
08954
01701
12430
10395
05333
08565
05528
06250
05578
06499
02963
11114
11081
09509
14667
08116
07286
14196
07366
15529
08738
01694
15159
05987
09599
08265
11232
03915
09454
12774
03408
06394
07948
02942
05158
02691
12276
11567
05287
05645
06608
10846
07591
04756
03412
10675
06970
08359
07032
00952
09512
10422
05566
04592
09652
08882
00732
05962
03217
11923
14819
14614
13937
14482
07159
04621
08205
10452
12492
08132
07819
11034
01439
09363
02250
03312
00949
08947
03089
14281
06978
08101
11645
04965
09761
01716
12106
05514
14647
14756
03498
06770
02251
06104
04948
11440
00873
05887
01947
13035
14438
08109
14965
06387
12965
08289
13083
05668
06490
03351
14151
09431
01904
01008
14061
01217
09799
00303
14357
08680
01365
08383
04967
02569
15521
04697
12624
12520
00500
12917
05625
02947
14299
00302
12566
15250
12968
13494
14909
14800
03819
01344
06280
06289
13443
09073
01750
06712
11936
11697
08301
03578
10124
06696
06686
07059
14294
02573
11466
00597
14250
12531
05485
10446
09223
08510
06340
01549
06860
08437
09918
09868
10823
08795
11133
00692
07834
13536
05441
01588
08547
09969
01508
15304
15238
10436
02427
06825
00712
13545
00572
12069
06419
08022
02556
05092
10406
04822
15554
15291
04927
13400
00315
10668
00136
15332
06737
12554
03922
08660
05374
06789
06413
06278
15522
03507
06301
10024
10649
02339
14423
07827
07799
08562
11357
15418
08906
12390
01668
12026
12500
00281
03373
04090
05541
13613
05983
02514
07401
10280
02097
04056
02149
00579
06667
02019
12471
14495
07908
08481
12556
15595
14185
08276
13908
07867
03233
08507
03354
14439
01423
05384
05946
07540
08072
09406
10580
05174
03336
06376
09893
02686
03038
12505
07806
14918
04646
09552
06963
08030
11122
01522
06469
05905
01883
03890
05864
08536
13616
05462
05078
14414
07876
04281
12119
06293
12868
14074
08556
12355
12490
05134
04694
00467
07590
00688
10612
15017
00289
11021
11943
08530
13580
01771
14066
12872
04778
06514
09675
08259
02378
00621
10548
01010
05867
14738
01986
04838
00494
09803
13449
06982
14775
12975
11654
10293
13367
08623
05050
04042
03626
15557
14832
14992
13665
09440
05341
03430
06254
14017
02681
14023
13447
01280
06995
09884
09345
02908
03085
07146
10248
12750
01390
12895
13091
03770
06332
08573
07906
04651
02964
08561
12178
04329
10351
12015
04343
15292
12645
01478
09278
04193
00252
11847
08206
11688
07657
12176
12485
02713
02509
12446
03485
05975
13174
15096
14307
02894
10429
07512
04107
00288
11338
00862
11756
08830
10543
15285
01600
09207
12291
09767
11246
02661
04580
06867
03460
00523
01137
05472
12891
02981
03419
01433
05083
02260
04685
03711
04603
11106
15523
09504
00990
02807
02326
02895
11522
04937
11911
04597
02026
08228
13891
02030
14815
09224
08328
00811
13635
04220
09929
06855
15110
11324
07615
10228
08397
07280
15465
04789
08054
11341
09922
00921
03063
03431
10903
09568
12311
12097
13552
15057
12468
04497
10314
08386
07013
15424
14516
02780
00493
02309
13881
10256
02191
10698
04149
08891
09203
01682
11795
07763
04614
07398
02680
03939
07616
02987
02662
10637
04538
00397
07245
08000
05266
05478
07050
07624
01063
01941
10269
00866
08661
07713
12966
10151
11840
09076
14924
11169
06774
08834
06632
06962
06976
11204
03218
13458
08453
15101
10009
01908
00790
04458
13509
09765
05325
10142
12692
07228
06055
15109
12046
04388
08943
12939
04593
06792
04944
12216
15388
02841
06759
03904
09557
07732
08218
13217
01944
10118
03215
10974
14510
04662
00687
06958
00851
14359
12953
14828
09238
03428
14996
01037
11099
08963
10502
08836
04179
00668
02989
04905
09066
00455
14784
10681
04615
10048
00277
09629
03061
09010
07495
10577
01088
11447
10969
03954
02535
06915
04335
10499
12856
06259
09096
03151
03081
07024
13730
00703
08839
06124
05750
08329
13383
09045
03706
06036
06224
01230
07701
09041
08628
06754
03287
06836
05300
05834
02201
02385
10756
14223
02893
13407
01373
06427
08043
02008
14463
06972
02567
13578
04856
08026
00526
06699
06710
01336
13641
03220
08150
09417
00910
14865
08310
07118
01216
08375
07223
08046
00818
08757
07072
00488
14106
14354
06439
14930
02132
02589
08531
11745
04364
08770
05991
07583
08374
13368
08242
05888
13794
15591
15396
04243
11738
02783
06954
03537
07562
10619
13228
04482
03368
01270
04806
15334
01186
09619
02387
13016
14166
05976
10838
11779
05947
12384
13664
10820
06033
08550
02429
02130
15144
06661
11563
07298
13851
10327
09707
01579
03257
08513
14628
13402
13384
04681
13507
04642
01825
07304
10737
07017
02390
04561
01074
13799
12483
00492
14702
10453
11626
02736
09116
10783
12684
01903
05658
08268
03652
05414
04842
12264
12218
10993
09627
15347
11704
00069
04309
13448
04575
08896
14773
02644
09069
09616
10394
11908
07003
02666
08012
03341
02799
08779
13170
03825
14235
13382
00527
00203
01023
15185
14257
12413
13133
14455
07600
07660
03533
12094
12597
15190
06456
02482
06065
14552
09834
14444
13600
09193
06765
03182
02366
09405
09273
15525
00683
06655
06399
08657
09467
13137
14148
15112
14272
00032
02901
13328
10162
09813
08710
10196
13438
11472
08946
03434
11549
13915
00054
08599
07773
10963
13993
12071
00595
03025
03555
04589
04244
10973
01472
06291
09961
11569
01098
03831
13126
11036
10487
13432
00804
02742
07927
08950
10616
11234
09245
03144
15216
12620
04016
08665
04507
05044
14625
15046
15537
11849
10439
00191
02252
07830
14984
02027
01084
10938
02925
02312
14249
07896
11603
10793
00534
04405
15038
08299
08582
08603
09749
14831
06435
01044
06338
02143
09621
15370
15489
05912
15449
06310
02649
08736
11822
03016
07458
07158
13045
10976
01734
06096
10025
11406
04432
01009
05101
07249
12705
11061
09276
07086
00301
15352
01767
10239
11731
11555
13072
02417
11905
07231
00753
00375
14259
13057
01422
09187
00968
04979
08215
02144
10884
03205
11957
10430
06144
03344
08588
03114
10605
08918
04280
12582
06466
00963
03190
13989
00454
03309
13868
02222
10391
10420
01000
03716
00261
13385
09648
00465
13791
12874
05858
14678
15383
02290
07786
06704
00121
05091
07563
12969
10097
02707
01543
14585
05189
00563
04425
12308
12591
13676
11871
01687
14816
09344
05376
08468
11170
04088
12006
02903
07465
04026
02469
05470
05463
01779
14850
09703
14655
08939
00107
11487
04167
12575
00745
14653
13329
06659
07797
06605
06939
06482
11720
01885
06987
03627
05307
01678
00385
05244
09896
14868
00311
13427
01635
11878
07021
06238
08402
03124
04338
00162
13503
09111
14388
00733
09464
03676
04843
07866
01597
12093
08637
09522
02904
14706
00520
08750
15423
08014
03042
07737
07105
03979
14000
06043
03848
07272
07085
11386
02134
05228
01013
14454
01085
15434
08471
10261
08134
05574
01929
11737
04406
12289
03621
07555
03683
11638
13818
12286
05908
13158
06277
15134
02875
15351
03397
04161
14755
03623
03512
03852
06864
08303
11471
10551
01319
06237
04050
05605
06052
09778
13533
02102
09559
03638
07848
06320
04544
03138
15161
02813
07403
02654
00648
07141
10828
11102
07731
03765
06876
03329
12987
09529
06484
12689
15287
09953
15253
05774
00867
01425
11684
04947
05403
01690
12488
09860
08587
11714
06078
07542
03934
01225
05885
08505
08378
13071
01859
12792
13002
00453
11916
05033
15259
07925
04279
08951
03438
05660
04648
13873
03766
00782
10114
03788
13998
14383
04444
14083
04942
01291
09745
06079
13874
05802
08762
05968
11266
01974
07638
13205
02615
03802
03328
04225
11454
06535
00466
01875
08174
08890
12377
08886
09717
07775
00336
09006
13165
05381
07758
11836
01510
00531
05471
07012
12014
10690
03256
13362
02568
00170
03634
04216
10640
02917
07083
03875
12163
08711
13135
04525
12080
11257
11761
03604
03148
06406
05498
12169
11986
10412
13479
08081
09460
01305
03352
15089
02124
07922
04340
04955
13247
10789
03528
12663
00844
05342
09894
05086
11587
04893
10130
04253
02419
13830
13982
15108
11659
13923
05932
06156
15457
08920
13579
01989
03581
03961
05031
14744
14734
07749
14718
14011
04682
07655
03210
08560
08721
10081
06989
14765
11899
13098
12641
14418
14673
05597
08931
09409
06243
07928
03837
05074
07753
13182
00883
04470
07719
10449
11565
00647
15435
05093
07331
15127
