1576202337435
1576202338979
1576202340216
1576202341461
1576202342747
1576202344020
1576202345339
1576202346704
1576202347901
1576202349095
1576202350307
1576202353445
1576202354732
1576202356278
1576202357620
1576202358826
1576202362706
1576202364338
1576202365522
1576202366867
1576202368124
1576202369452
1576202370616
1576202371773
1576202372857
1576202373958
1576202375149
1576202376328
1576202377638
1576202378930
1576202379960
1576202381023
1576202383205
1576202384317
1576202385484
1576202386528
1576202387612
1576202388600
1576202389550
1576202390648
1576202391616
1576202392586
1576202393584
1576202394529
1576202395525
1576202396535
1576202397473
1576202398444
1576202400594
1576202402051
1576202404487
1576202406034
1576202410362
1576202412280
1576202414389
1576202416666
1576202418835
1576202428147
1576202430233
1576202431913
1576202433545
1576202435167
1576202436819
1576202438418
1576202360124
1576202382152
1576202399489
1576202439958
1576202441511
1576202443249
1576202444781
1576202446379
1576202447941
1576202449473
1576202451010
1576202452797
1576202454319
1576202455722
1576202457229
1576202458718
